subject,trialtype,duration,repduration,movdist,force,stoplatency,error,abserror
1,audiomotor,3567,3113,0.43224,1.4141,63,-454,454
1,audiomotor,1150,1209,0.12593,0.38509,146,59,59
1,audiomotor,1756,1390,0.26175,1.059,252,-366,366
1,audiomotor,1678,1366,0.18921,1.1005,175,-312,312
1,audiomotor,2201,1634,0.37893,1.3709,197,-567,567
1,audiomotor,3783,2954,0.67893,2.6447,280,-829,829
1,audiomotor,4215,3158,0.73551,2.5679,211,-1057,1057
1,audiomotor,2606,2444,0.44204,1.8367,103,-162,162
1,audiomotor,3152,2545,0.60359,3.0644,148,-607,607
1,audiomotor,4206,3325,0.72456,3.3818,202,-881,881
1,audiomotor,1226,1409,0.14671,0.84742,221,183,183
1,audiomotor,2256,2053,0.40336,1.6494,253,-203,203
1,audiomotor,2660,2519,0.44866,2.3084,156,-141,141
1,motor,4078,3136,0.58566,2.1878,73,-942,942
1,motor,1295,1746,0.19101,0.8556,291,451,451
1,motor,3061,3252,0.41826,1.8812,57,191,191
1,motor,3576,3124,0.59697,2.3682,72,-452,452
1,motor,1164,1243,0.13678,0.64893,161,79,79
1,motor,1604,1548,0.22852,0.95894,101,-56,56
1,motor,2107,2620,0.3029,1.4651,103,513,513
1,motor,2693,2450,0.40441,1.8551,189,-243,243
1,motor,2562,2255,0.45644,8.2561,57,-307,307
1,motor,3110,2703,0.32172,1.3619,107,-407,407
1,motor,3625,3030,0.38526,1.2306,122,-595,595
1,motor,4038,4036,0.51161,1.6235,35,-2,2
1,motor,1592,1250,0.16103,0.81396,88,-342,342
1,motor,2244,1946,0.28401,0.99503,241,-298,298
1,auditory,2000,2098,0.00087876,2.0084,0,98,98
1,auditory,2500,2845,0.002614,3.1088,0,345,345
1,auditory,1500,1322,0.00052126,2.2084,0,-178,178
1,auditory,2000,2192,0.0011523,1.4175,0,192,192
1,auditory,4000,2707,0.0019812,3.5048,0,-1293,1293
1,auditory,1000,1445,0.00053996,0.84579,0,445,445
1,auditory,2500,2832,0.00087915,1.7969,0,332,332
1,auditory,3000,3534,0.00151,7.5139,0,534,534
1,auditory,1000,1655,0.00042658,1.2358,0,655,655
1,auditory,1500,1424,0.00079683,0.39079,0,-76,76
1,auditory,3000,2855,0.0010982,4.3452,0,-145,145
1,auditory,3500,3608,0.001288,3.5029,0,108,108
1,auditory,3500,3742,0.0021738,2.5343,0,242,242
1,auditory,4000,3822,0.0034078,3.586,0,-178,178
1,motor,4175,3671,0.5354,2.1737,170,-504,504
1,motor,1087,1991,0.11433,0.44884,83,904,904
1,motor,3568,3827,0.50322,1.9055,65,259,259
1,motor,4074,3468,0.87015,14.513,70,-606,606
1,motor,1664,1772,0.17737,0.51635,161,108,108
1,motor,2170,2507,0.31561,0.95703,166,337,337
1,motor,1132,2144,0.083565,0.34153,128,1012,1012
1,motor,1619,2318,0.19646,0.63044,116,699,699
1,motor,2066,2183,0.26303,0.6465,63,117,117
1,motor,2553,3105,0.35637,1.3949,50,552,552
1,motor,3620,3481,0.45745,1.3272,116,-139,139
1,motor,2556,3044,0.35018,1.2675,53,488,488
1,auditory,2500,2625,0.0017936,3.6341,0,125,125
1,auditory,3000,2732,0.0013227,4.6849,0,-268,268
1,auditory,3000,3204,0.001174,5.458,0,204,204
1,auditory,3500,3296,0.0014416,4.4521,0,-204,204
1,auditory,2000,2346,0.0010988,1.1455,0,346,346
1,auditory,2500,2909,0.0011463,3.3096,0,409,409
1,auditory,4000,3709,0.001642,7.1536,0,-291,291
1,auditory,1000,1186,0.00033435,0.81176,0,186,186
1,auditory,1000,1132,0.00075705,1.8789,0,132,132
1,auditory,1500,1722,0.00072622,2.5295,0,222,222
1,auditory,1500,1848,0.0012204,4.7348,0,348,348
1,auditory,2000,2330,0.0010539,2.3827,0,330,330
1,auditory,3500,3044,0.0027206,9.1349,0,-456,456
1,auditory,4000,3440,0.0024786,5.2071,0,-560,560
1,audiomotor,2170,2660,0.31242,1.4025,167,490,490
1,audiomotor,2590,2832,0.33849,1.0793,85,242,242
1,audiomotor,1209,1905,0.18901,0.41004,205,696,696
1,audiomotor,1669,1900,0.28298,0.95868,164,231,231
1,audiomotor,1594,1843,0.23243,0.73006,91,249,249
1,audiomotor,2075,2593,0.30223,1.323,71,518,518
1,audiomotor,3059,2877,0.47534,1.8389,56,-182,182
1,audiomotor,3589,3501,0.53368,1.8559,84,-88,88
1,audiomotor,2558,3002,0.33811,0.99164,55,444,444
1,audiomotor,3064,3052,0.36642,1.1563,61,-12,12
1,audiomotor,3569,3170,0.62876,1.7673,64,-399,399
1,audiomotor,4071,3548,0.55681,1.5884,67,-523,523
1,audiomotor,4176,3658,0.68519,1.9463,172,-518,518
1,audiomotor,1183,1665,0.15602,0.45832,179,482,482
1,motor,3096,3262,0.39692,1.2681,92,166,166
1,motor,3719,3666,0.5108,1.5489,215,-53,53
1,motor,1107,1596,0.13945,0.52466,103,489,489
1,motor,1638,2157,0.30171,0.99244,134,519,519
1,motor,4235,4211,0.69042,1.8145,230,-24,24
1,motor,1159,2502,0.12259,0.38834,155,1343,1343
1,motor,3615,3128,0.61735,1.4714,111,-487,487
1,motor,4187,4410,0.60555,1.7551,182,223,223
1,motor,1572,2683,0.18265,0.74454,69,1111,1111
1,motor,2238,2750,0.2433,0.7732,234,512,512
1,motor,2688,3085,0.41282,1.3298,184,397,397
1,motor,3138,3608,1.0401,10.723,135,470,470
1,motor,2792,3158,0.45025,1.4331,288,366,366
1,auditory,1500,2307,0.00062591,1.8102,0,807,807
1,auditory,2000,2916,0.00098033,1.3368,0,916,916
1,auditory,3000,3552,0.00094885,6.0983,0,552,552
1,auditory,3500,3461,0.0029022,7.7538,0,-39,39
1,auditory,1000,1511,0.00061805,1.5385,0,511,511
1,auditory,1500,2112,0.00083403,0.85397,0,612,612
1,auditory,2000,2409,0.00072501,0.98589,0,409,409
1,auditory,2500,2705,0.0013866,2.7323,0,205,205
1,auditory,2500,2564,0.0018605,4.5749,0,64,64
1,auditory,3000,3196,0.001109,2.5347,0,196,196
1,auditory,4000,3482,0.0013526,2.067,0,-518,518
1,auditory,1000,2037,0.00045002,0.53432,0,1037,1037
1,auditory,3500,3047,0.0018449,7.5239,0,-453,453
1,auditory,4000,3489,0.0017354,8.224,0,-511,511
1,audiomotor,3065,3057,0.43444,1.2186,62,-8,8
1,audiomotor,3658,3326,0.7056,1.5303,154,-332,332
1,audiomotor,3602,3256,0.64956,1.7239,99,-346,346
1,audiomotor,4100,3803,0.78887,2.2688,96,-297,297
1,audiomotor,4106,3956,0.64077,2.3985,103,-150,150
1,audiomotor,1272,1922,0.1764,0.5485,268,650,650
1,audiomotor,3230,3077,0.61039,1.5279,226,-153,153
1,audiomotor,1207,1378,0.16248,0.5366,202,171,171
1,audiomotor,1573,2094,0.18923,0.26466,68,521,521
1,audiomotor,1582,1544,0.14744,0.43273,78,-38,38
1,audiomotor,2144,2502,0.40096,1.013,140,358,358
1,audiomotor,2058,2740,0.34864,0.68958,54,682,682
1,audiomotor,2661,3270,0.45495,0.98829,157,609,609
1,motor,3208,3551,0.56377,1.5092,204,343,343
1,motor,3576,3456,0.50546,1.5584,73,-120,120
1,motor,1281,1530,0.17263,0.49538,277,249,249
1,motor,1594,1687,0.2764,0.79873,89,93,93
1,motor,2148,2112,0.33874,1.1418,144,-36,36
1,motor,2666,2223,0.4923,1.1169,161,-443,443
1,motor,1649,1552,0.29434,0.77375,146,-97,97
1,motor,2293,2072,0.25747,0.82411,288,-221,221
1,motor,3664,3097,0.5343,1.2655,160,-567,567
1,motor,4090,3023,0.91724,4.408,86,-1067,1067
1,motor,2660,2860,0.3815,1.0747,157,200,200
1,motor,3157,3269,0.38287,0.93332,152,112,112
1,motor,4058,3556,1.0743,8.3376,54,-502,502
1,motor,1092,1674,0.12533,0.35455,88,582,582
1,auditory,4000,2795,0.0015624,1.7545,0,-1205,1205
1,auditory,1000,1839,0.00049918,1.8027,0,839,839
1,auditory,2000,2566,0.0010199,3.0854,0,566,566
1,auditory,2500,2972,0.001339,5.3916,0,472,472
1,auditory,3500,3150,0.002367,8.583,0,-350,350
1,auditory,4000,4003,0.0023228,3.6416,0,3,3
1,auditory,3000,3236,0.0016364,2.8216,0,236,236
1,auditory,3500,3668,0.0013639,6.6614,0,168,168
1,auditory,1500,1843,0.00066162,0.91157,0,343,343
1,auditory,2000,2866,0.00091368,4.096,0,866,866
1,auditory,1000,2022,0.0004063,1.3624,0,1022,1022
1,auditory,1500,2394,0.00095171,3.2935,0,894,894
1,auditory,2500,2823,0.0020998,1.4657,0,323,323
1,auditory,3000,3060,0.0019455,1.1065,0,60,60
1,audiomotor,3212,3474,0.48403,1.111,208,262,262
1,audiomotor,3684,3005,0.72898,1.4055,180,-679,679
1,audiomotor,1123,1323,0.13128,0.47032,120,200,200
1,audiomotor,1740,2375,0.21748,0.42147,235,635,635
1,audiomotor,4077,3318,0.78558,1.9952,74,-759,759
1,audiomotor,1137,2112,0.13796,0.34642,133,975,975
1,audiomotor,3569,3355,0.5198,1.3711,64,-214,214
1,audiomotor,4084,3578,0.50735,1.2855,81,-506,506
1,audiomotor,2043,2632,0.31053,0.88066,39,589,589
1,audiomotor,2696,2832,0.4257,0.89501,192,136,136
1,audiomotor,2543,2993,0.32372,0.82554,38,450,450
1,audiomotor,3112,3186,0.30118,0.80737,108,74,74
1,audiomotor,1550,2665,0.19493,0.42974,46,1115,1115
1,audiomotor,2064,2612,0.42616,4.2742,59,548,548
1,auditory,4000,3575,0.0023053,4.5761,0,-425,425
1,auditory,1000,1872,0.0005688,1.7128,0,872,872
1,auditory,2000,2453,0.0021908,2.7129,0,453,453
1,auditory,2500,2847,0.0010299,2.0014,0,347,347
1,auditory,3000,4152,0.0014009,1.9725,0,1152,1152
1,auditory,3500,3176,0.00098083,2.9556,0,-324,324
1,auditory,1000,1475,0.00090973,0.9361,0,475,475
1,auditory,1500,2298,0.0012565,0.75306,0,798,798
1,auditory,1500,2070,0.0013714,2.0238,0,570,570
1,auditory,2000,2786,0.00074957,4.1091,0,786,786
1,auditory,2500,3149,0.0010387,2.6597,0,649,649
1,auditory,3000,3067,0.0025939,5.8564,0,67,67
1,auditory,3500,3313,0.0018122,3.7199,0,-187,187
1,auditory,4000,4057,0.0022058,11.666,0,57,57
1,audiomotor,3606,3050,0.56638,1.4416,103,-556,556
1,audiomotor,4054,3543,0.46707,1.2207,49,-511,511
1,audiomotor,3132,2927,0.32404,0.93666,129,-205,205
1,audiomotor,3588,3192,0.53267,1.241,85,-396,396
1,audiomotor,1535,2645,0.18301,0.38556,32,1110,1110
1,audiomotor,2050,2297,0.2574,0.44211,47,247,247
1,audiomotor,2654,2696,0.35751,0.78543,150,42,42
1,audiomotor,3210,3060,0.43118,0.88585,206,-150,150
1,audiomotor,4126,3881,0.63291,1.318,122,-245,245
1,audiomotor,1153,1880,0.14774,0.45788,148,727,727
1,audiomotor,2060,2589,0.32146,0.72062,56,529,529
1,audiomotor,2582,2760,0.38627,0.85123,78,178,178
1,audiomotor,1058,1529,0.11146,0.35525,54,471,471
1,audiomotor,1602,1919,0.1365,0.36614,99,317,317
1,motor,2086,2497,0.26951,0.63647,81,411,411
1,motor,2554,2505,0.29103,0.93848,49,-49,49
1,motor,4346,3284,0.94273,5.3426,341,-1062,1062
1,motor,1078,1749,0.12388,0.33616,74,671,671
1,motor,3717,2827,0.44805,0.99498,214,-890,890
1,motor,4345,4107,0.62755,1.3669,341,-238,238
1,motor,1086,2180,0.1463,0.32479,81,1094,1094
1,motor,1607,2672,0.15265,0.39693,104,1065,1065
1,motor,2589,2992,0.32591,0.75078,84,403,403
1,motor,3036,3193,0.38473,1.0667,32,157,157
1,motor,1546,3033,0.17395,0.5316,43,1487,1487
1,motor,2047,2924,0.21988,0.48422,44,877,877
1,motor,3239,2964,0.34139,0.87967,235,-275,275
1,motor,3531,3839,0.40567,1.0004,28,308,308
2,audiomotor,3336,3492,1.6368,10.371,332,156,156
2,audiomotor,3789,3799,2.0082,12.937,285,10,10
2,audiomotor,3792,4237,1.9329,12.58,289,445,445
2,audiomotor,4267,4572,2.4232,15.101,263,305,305
2,audiomotor,2826,2359,1.5161,9.5691,322,-467,467
2,audiomotor,3311,3265,1.6732,10.395,306,-46,46
2,audiomotor,4313,3851,2.3632,15.964,308,-462,462
2,audiomotor,1297,1564,0.53216,4.0413,293,267,267
2,audiomotor,2310,2348,1.1997,7.8364,306,38,38
2,audiomotor,2801,2643,1.5453,10.196,298,-158,158
2,audiomotor,1752,2164,0.95479,7.1242,248,412,412
2,audiomotor,2296,3082,1.1869,7.88,292,786,786
2,motor,3308,3125,1.5477,8.9467,303,-183,183
2,motor,3772,3989,2.0322,10.906,268,217,217
2,motor,2761,3294,1.342,7.7061,257,533,533
2,motor,3345,2986,1.3683,8.1227,341,-359,359
2,motor,1377,1223,0.44983,2.6915,373,-154,154
2,motor,3795,3290,2.0201,10.704,292,-505,505
2,motor,4276,4122,2.1229,12.077,273,-154,154
2,motor,1881,2334,0.71333,4.3107,377,453,453
2,motor,2335,2456,1.0026,5.3035,332,121,121
2,motor,4239,4286,2.3365,12.554,236,47,47
2,motor,1311,1987,0.50091,2.8238,306,676,676
2,motor,2273,2983,1.1209,5.9092,268,710,710
2,motor,2855,4621,1.5955,9.9856,351,1766,1766
2,auditory,4000,4487,0.0011486,2.2452,0,487,487
2,auditory,1000,1154,0.00025767,1.3514,0,154,154
2,auditory,3500,3667,0.0040662,3.184,0,167,167
2,auditory,4000,4179,0.0016446,3.69,0,179,179
2,auditory,3000,3883,0.00069609,3.2118,0,883,883
2,auditory,3500,3773,0.00088134,2.0287,0,273,273
2,auditory,2500,3454,0.00073541,2.8419,0,954,954
2,auditory,3000,3118,0.00097072,2.9753,0,118,118
2,auditory,1500,1838,0.0012528,1.9448,0,338,338
2,auditory,2000,2536,0.0011184,1.6,0,536,536
2,auditory,1000,1424,0.00049584,1.119,0,424,424
2,auditory,1500,2114,0.00083735,1.4198,0,614,614
2,auditory,2000,2825,0.00082784,1.6185,0,825,825
2,auditory,2500,2988,0.00077607,1.2604,0,488,488
2,motor,2290,3001,1.0244,6.3637,287,711,711
2,motor,2754,2932,1.4556,8.9367,249,178,178
2,motor,2815,2832,1.3717,7.6208,310,17,17
2,motor,3327,3522,1.886,11.063,323,195,195
2,motor,1893,2426,0.90334,5.5,389,533,533
2,motor,2339,2876,1.2919,7.9874,334,537,537
2,motor,3274,4582,1.8188,10.833,271,1308,1308
2,motor,3776,5201,2.197,13.192,272,1425,1425
2,motor,4318,5237,2.7417,15.478,314,919,919
2,motor,1310,1958,0.66102,4.5741,307,648,648
2,motor,3717,3569,2.069,12.102,214,-148,148
2,motor,4264,4253,2.5198,14.062,260,-11,11
2,motor,1300,1856,0.48095,2.9078,296,556,556
2,motor,1824,1971,0.88578,5.4517,320,147,147
2,auditory,3500,3969,0.0015208,2.7978,0,469,469
2,auditory,4000,3553,0.0019802,5.9194,0,-447,447
2,auditory,2000,1818,0.00059079,1.8282,0,-182,182
2,auditory,2500,2946,0.00084715,3.1639,0,446,446
2,auditory,4000,3563,0.0010568,3.8471,0,-437,437
2,auditory,1000,1030,0.00061072,1.2985,0,30,30
2,auditory,1000,1402,0.00043923,0.61045,0,402,402
2,auditory,1500,1503,0.00052782,0.60678,0,3,3
2,auditory,3000,3188,0.0010801,1.5911,0,188,188
2,auditory,3500,4408,0.0015716,4.3937,0,908,908
2,auditory,2500,3505,0.0010722,0.99348,0,1005,1005
2,auditory,3000,3846,0.0015008,3.5409,0,846,846
2,auditory,1500,2576,0.00061029,1.6882,0,1076,1076
2,auditory,2000,3097,0.00074623,0.69709,0,1097,1097
2,audiomotor,2305,2513,0.9662,5.3506,301,208,208
2,audiomotor,2843,2869,1.3889,7.5439,339,26,26
2,audiomotor,3802,3962,2.0438,11.282,298,160,160
2,audiomotor,4385,4069,2.1307,11.989,381,-316,316
2,audiomotor,1785,2063,0.91081,6.165,281,278,278
2,audiomotor,2284,2530,1.1232,6.9331,280,246,246
2,audiomotor,1330,1160,0.57274,3.7003,325,-170,170
2,audiomotor,1795,2150,0.97449,6.7702,291,355,355
2,audiomotor,3297,4310,1.4643,8.2626,293,1013,1013
2,audiomotor,3245,4074,1.3944,7.3215,242,829,829
2,audiomotor,3753,4041,1.6107,9.0307,249,288,288
2,audiomotor,4281,4819,1.7013,10.798,278,538,538
2,audiomotor,1328,1232,0.49329,3.8284,323,-96,96
2,auditory,3500,4042,0.002109,2.2044,0,542,542
2,auditory,4000,4302,0.0019861,0.67581,0,302,302
2,auditory,2500,2995,0.00095526,1.3213,0,495,495
2,auditory,3000,3899,0.001271,2.4156,0,899,899
2,auditory,2000,1726,0.00050781,1.9181,0,-274,274
2,auditory,2500,3476,0.001184,4.3469,0,976,976
2,auditory,1500,1650,0.00044472,0.65887,0,150,150
2,auditory,2000,2559,0.0007176,2.0837,0,559,559
2,auditory,1000,1113,0.00032108,0.19066,0,113,113
2,auditory,1500,1738,0.0013551,0.75389,0,238,238
2,auditory,4000,5266,0.001037,2.6859,0,1266,1266
2,auditory,1000,1211,0.00047309,0.46517,0,211,211
2,auditory,3000,3476,0.00081842,1.9352,0,476,476
2,auditory,3500,4295,0.00098181,1.7361,0,795,795
2,audiomotor,1750,2064,0.7385,3.9965,246,314,314
2,audiomotor,2278,2166,1.1817,6.8044,274,-112,112
2,audiomotor,3310,2957,1.6055,8.7897,306,-353,353
2,audiomotor,3765,3898,1.7598,9.7583,260,133,133
2,audiomotor,1303,1576,0.56656,3.7508,299,273,273
2,audiomotor,1821,1693,0.91957,5.5825,318,-128,128
2,audiomotor,2365,2781,1.1784,7.161,361,416,416
2,audiomotor,2816,4345,1.5975,10.014,312,1529,1529
2,audiomotor,2849,3568,1.442,8.6272,345,719,719
2,audiomotor,3243,3777,1.7393,9.7224,238,534,534
2,audiomotor,4240,4871,2.4913,15.311,237,631,631
2,audiomotor,1287,1371,0.59955,3.9265,283,84,84
2,audiomotor,3764,4056,2.1366,13.431,260,292,292
2,audiomotor,4313,4325,2.2262,13.336,308,12,12
2,motor,3774,3963,1.8421,10.716,270,189,189
2,motor,4272,4307,2.2676,12.558,268,35,35
2,motor,1729,2630,0.81021,5.0528,225,901,901
2,motor,2299,2800,0.9998,5.9216,295,501,501
2,motor,4261,4069,1.6308,9.4456,256,-192,192
2,motor,1319,1905,0.46777,2.6564,315,586,586
2,motor,2824,3555,1.167,6.5287,320,731,731
2,motor,3273,4148,1.5014,7.5095,270,875,875
2,motor,1257,2013,0.4805,2.3745,252,756,756
2,motor,1736,2269,0.69996,3.4322,233,533,533
2,motor,2289,2807,1.0515,5.2463,285,518,518
2,motor,2739,4245,1.3823,6.9697,234,1506,1506
2,motor,3321,3775,1.7194,9.1828,316,454,454
2,motor,3803,4109,1.8745,8.8295,299,306,306
2,auditory,1000,2053,0.00038242,0.59918,0,1053,1053
2,auditory,1500,2603,0.00060235,0.78372,0,1103,1103
2,auditory,1500,2250,0.00082817,1.94,0,750,750
2,auditory,2000,2843,0.00049227,0.34877,0,843,843
2,auditory,4000,4838,0.00078883,2.5491,0,838,838
2,auditory,1000,1297,0.00044684,0.93846,0,297,297
2,auditory,3000,3339,0.0011194,3.8602,0,339,339
2,auditory,3500,4214,0.0011187,2.3379,0,714,714
2,auditory,3500,3768,0.0012578,2.3571,0,268,268
2,auditory,4000,4222,0.0012402,1.4117,0,222,222
2,auditory,2500,4787,0.001476,0.85177,0,2287,2287
2,auditory,3000,3931,0.0021115,1.9784,0,931,931
2,auditory,2000,2767,0.00055449,2.1077,0,767,767
2,auditory,2500,2770,0.0013739,1.3499,0,270,270
2,audiomotor,2796,3271,1.244,7.1186,293,475,475
2,audiomotor,3268,3725,1.6361,9.8473,264,457,457
2,audiomotor,1801,1629,0.87951,5.2046,297,-172,172
2,audiomotor,2322,2485,1.2139,6.8531,318,163,163
2,audiomotor,3828,4397,2.0971,11.026,325,569,569
2,audiomotor,4276,5244,2.4703,13.451,273,968,968
2,audiomotor,2308,2004,1.1884,6.2196,305,-304,304
2,audiomotor,2800,3622,1.547,8.345,297,822,822
2,audiomotor,3277,4402,1.7285,8.9408,273,1125,1125
2,audiomotor,3771,4461,1.9137,10.63,266,690,690
2,audiomotor,1303,1327,0.50975,2.9098,300,24,24
2,audiomotor,1780,2392,0.84834,4.772,275,612,612
2,audiomotor,4236,4599,2.4813,12.479,232,363,363
2,audiomotor,1317,1439,0.46791,2.4962,313,122,122
2,motor,3267,4128,1.2392,7.1104,262,861,861
2,motor,3724,3807,1.3258,7.473,221,83,83
2,motor,2300,2373,0.91985,4.3472,296,73,73
2,motor,2766,3148,1.2704,6.3238,263,382,382
2,motor,1774,2321,0.78436,4.0065,269,547,547
2,motor,4224,3917,1.9155,9.6638,220,-307,307
2,motor,1237,1938,0.37659,2.5401,233,701,701
2,motor,1780,2204,0.54395,2.9132,275,424,424
2,motor,2269,2733,0.98067,5.5839,265,464,464
2,motor,2755,3137,1.1877,7.5205,251,382,382
2,motor,3280,3419,1.5373,7.4578,275,139,139
2,motor,3852,4347,1.8476,9.0375,348,495,495
2,motor,4327,4493,1.8549,8.4977,324,166,166
2,auditory,2000,2930,0.00095117,0.44386,0,930,930
2,auditory,2500,3272,0.0009951,0.90397,0,772,772
2,auditory,1000,1363,0.00044658,0.89591,0,363,363
2,auditory,1500,1854,0.00068623,0.42967,0,354,354
2,auditory,1500,1346,0.00088792,0.8432,0,-154,154
2,auditory,2000,2302,0.00048003,1.4999,0,302,302
2,auditory,3500,4122,0.00086935,1.2314,0,622,622
2,auditory,4000,5103,0.0012935,1.2308,0,1103,1103
2,auditory,4000,4614,0.0018395,4.1408,0,614,614
2,auditory,1000,1040,0.00032072,0.27755,0,40,40
2,auditory,3000,3272,0.00083652,3.7947,0,272,272
2,auditory,3500,4052,0.0011862,1.9926,0,552,552
2,auditory,2500,3005,0.00048675,1.6846,0,505,505
2,auditory,3000,3305,0.0017643,0.93471,0,305,305
2,motor,3339,3395,1.2484,7.69,335,56,56
2,motor,3745,3579,1.4817,7.1046,241,-166,166
2,motor,4276,4490,1.9176,9.113,272,214,214
2,motor,1350,1363,0.39091,1.961,346,13,13
2,motor,1808,2484,0.58129,2.6921,305,676,676
2,motor,2741,2527,1.2104,6.0195,237,-214,214
2,motor,3266,3259,1.2887,4.9681,263,-7,7
2,motor,2296,3148,1.007,4.3321,292,852,852
2,motor,2731,3944,1.0113,4.462,228,1213,1213
2,motor,1856,2397,0.54067,2.1976,351,541,541
2,motor,2276,3107,0.75694,2.2908,272,831,831
2,motor,4287,4677,1.6452,6.3469,283,390,390
2,motor,1303,1734,0.42356,2.3557,299,431,431
2,audiomotor,2296,2864,0.99058,5.4633,293,568,568
2,audiomotor,2678,3423,1.2836,6.3023,175,745,745
2,audiomotor,2736,3948,1.2025,5.4195,231,1212,1212
2,audiomotor,3267,4250,1.4467,7.3473,262,983,983
2,audiomotor,4221,4932,2.0827,8.6415,216,711,711
2,audiomotor,1291,131,0.47347,2.5131,287,-1160,1160
2,audiomotor,1310,2291,0.51992,3.1788,306,981,981
2,audiomotor,1777,2130,0.65991,3.2363,273,353,353
2,audiomotor,3746,3566,1.5541,7.6849,241,-180,180
2,audiomotor,4313,4351,1.9881,9.1342,308,38,38
2,audiomotor,3273,2557,1.4982,6.4995,268,-716,716
2,audiomotor,3840,3593,1.7997,8.3242,336,-247,247
2,audiomotor,1781,1400,0.63101,3.2637,278,-381,381
2,audiomotor,2246,2873,1.059,6.2516,241,627,627
3,motor,1078,1736,0.27988,0.57858,75,658,658
3,motor,1825,1226,0.34663,1.39,321,-599,599
3,motor,3062,3535,0.72639,1.8429,57,473,473
3,motor,3594,3887,0.73429,3.4501,90,293,293
3,motor,4071,3984,0.80464,3.1275,68,-87,87
3,motor,1345,1188,0.21219,0.65117,340,-157,157
3,motor,2653,2500,0.56239,2.5286,149,-153,153
3,motor,3272,4279,0.75547,2.8041,269,1007,1007
3,motor,1557,1794,0.34053,1.4579,54,237,237
3,motor,2615,1558,0.61003,2.3113,612,-1057,1057
3,motor,3830,4610,0.91607,3.536,327,780,780
3,motor,4120,3819,0.78458,3.266,116,-301,301
3,motor,2104,2163,0.46879,1.6121,101,59,59
3,motor,2576,2679,0.61788,3.3013,71,103,103
3,audiomotor,3089,2891,0.58885,2.2139,85,-198,198
3,audiomotor,3719,4978,0.80687,3.0735,216,1259,1259
3,audiomotor,1272,1810,0.2186,0.94417,268,538,538
3,audiomotor,1635,2206,0.33051,1.3676,130,571,571
3,audiomotor,2088,2440,0.47109,1.6558,83,352,352
3,audiomotor,2598,2446,0.52785,2.1438,95,-152,152
3,audiomotor,2565,2988,0.65826,2.2124,61,423,423
3,audiomotor,3087,2594,0.66298,2.5055,82,-493,493
3,audiomotor,1806,78,0.45367,1.9062,301,-1728,1728
3,audiomotor,2495,2514,0.40307,1.711,492,19,19
3,audiomotor,4080,5497,0.92706,2.9233,76,1417,1417
3,audiomotor,1291,1095,0.20444,1.0741,287,-196,196
3,audiomotor,3530,2514,0.69832,2.3902,26,-1016,1016
3,audiomotor,4055,3967,0.8669,3.2787,50,-88,88
3,auditory,3500,4004,0.00070794,0.9884,0,504,504
3,auditory,4000,4615,0.00078616,6.4277,0,615,615
3,auditory,3000,3367,0.00031301,2.0158,0,367,367
3,auditory,3500,3958,0.00049217,3.4211,0,458,458
3,auditory,2000,2134,0.00024183,1.1322,0,134,134
3,auditory,2500,2342,0.00035347,2.3853,0,-158,158
3,auditory,4000,3391,0.00059599,2.078,0,-609,609
3,auditory,1000,985,0.00072577,1.4448,0,-15,15
3,auditory,1000,1235,0.00020938,0.64085,0,235,235
3,auditory,1500,245,0.00021494,0.79875,0,-1255,1255
3,auditory,2500,2288,0.00039464,2.6711,0,-212,212
3,auditory,3000,3111,0.0026548,2.6793,0,111,111
3,auditory,1500,1547,0.00023956,1.1208,0,47,47
3,auditory,2000,2515,0.00034817,0.64619,0,515,515
3,audiomotor,1063,1490,0.19919,0.38242,60,427,427
3,audiomotor,1560,2054,0.32435,0.87196,56,494,494
3,audiomotor,4039,5108,0.84626,1.704,35,1069,1069
3,audiomotor,1189,1311,0.15829,0.42649,185,122,122
3,audiomotor,2256,2725,0.44383,1.3234,252,469,469
3,audiomotor,2963,3119,0.64097,1.5055,460,156,156
3,audiomotor,3043,3297,0.53845,1.4067,39,254,254
3,audiomotor,3587,3559,0.72094,1.544,83,-28,28
3,audiomotor,3678,3496,0.65915,2.5094,175,-182,182
3,audiomotor,4062,5339,0.84253,2.6294,57,1277,1277
3,audiomotor,1551,1734,0.33718,0.85939,48,183,183
3,audiomotor,2119,2542,0.42567,2.0537,116,423,423
3,audiomotor,2759,2880,0.59496,1.8772,255,121,121
3,audiomotor,3045,3438,0.7138,2.118,40,393,393
3,motor,2434,2038,0.41283,1.2703,431,-396,396
3,motor,2743,2560,0.80171,2.2908,239,-183,183
3,motor,1605,2410,0.40664,1.5819,101,805,805
3,motor,2203,2120,0.50729,1.5254,200,-83,83
3,motor,3172,3360,0.71479,2.7987,168,188,188
3,motor,3682,3911,0.87122,2.9618,178,229,229
3,motor,1145,1240,0.20145,0.7476,141,95,95
3,motor,1799,2174,0.33416,1.1973,294,375,375
3,motor,2698,2874,0.5157,1.9723,194,176,176
3,motor,3230,4294,0.90271,3.567,226,1064,1064
3,motor,4458,4423,0.81669,2.8229,453,-35,35
3,motor,1007,1095,0.17571,0.73841,3,88,88
3,motor,3559,3770,0.76449,2.6629,55,211,211
3,motor,4182,3968,0.79182,2.4747,177,-214,214
3,auditory,1500,1943,0.00018088,1.0856,0,443,443
3,auditory,2000,1486,0.00034314,1.9037,0,-514,514
3,auditory,2500,3188,0.00046415,2.5897,0,688,688
3,auditory,3000,2511,0.0005976,5.5922,0,-489,489
3,auditory,4000,5366,0.00051536,3.3651,0,1366,1366
3,auditory,1000,1685,0.00026632,2.1844,0,685,685
3,auditory,2000,1908,0.00030388,1.7465,0,-92,92
3,auditory,2500,3026,0.00033321,2.6132,0,526,526
3,auditory,3000,3778,0.0013749,1.7633,0,778,778
3,auditory,3500,3725,0.00046455,4.0792,0,225,225
3,auditory,3500,3810,0.0017539,5.7883,0,310,310
3,auditory,4000,4182,0.00074454,8.2957,0,182,182
3,auditory,1000,1337,9.10E-05,0.857,0,337,337
3,auditory,1500,1862,0.00019419,1.1616,0,362,362
3,motor,1534,1974,0.3676,0.79812,30,440,440
3,motor,2100,2207,1.0217,6.2285,95,107,107
3,motor,3754,4681,0.83718,2.3838,251,927,927
3,motor,4126,4719,2.1281,10.713,121,593,593
3,motor,2223,2888,0.61185,2.6593,219,665,665
3,motor,2971,2713,0.94185,3.8266,467,-258,258
3,motor,3778,4632,1.2892,5.2924,275,854,854
3,motor,3166,2932,0.98648,4.3691,662,-234,234
3,motor,3106,3433,1.1982,4.5385,102,327,327
3,motor,1576,1238,0.34004,1.7672,572,-338,338
3,motor,2123,1960,0.42881,1.8913,620,-163,163
3,motor,4272,4532,1.4307,6.622,268,260,260
3,motor,1569,1055,0.29858,1.4138,566,-514,514
3,audiomotor,1843,1424,0.30904,1.2328,339,-419,419
3,audiomotor,2277,2685,0.62019,1.9475,274,408,408
3,audiomotor,2224,2244,0.44178,1.3363,220,20,20
3,audiomotor,2776,2827,0.67411,1.7171,272,51,51
3,audiomotor,3826,4536,1.1042,3.1369,321,710,710
3,audiomotor,4321,4974,1.0645,2.7352,317,653,653
3,audiomotor,1256,1235,0.27161,0.91899,253,-21,21
3,audiomotor,1763,1844,0.29906,0.69414,259,81,81
3,audiomotor,3549,3504,0.95472,2.9005,545,-45,45
3,audiomotor,3634,4788,1.0114,3.1158,129,1154,1154
3,audiomotor,4071,4070,1.0097,2.789,67,-1,1
3,audiomotor,1304,1383,0.29803,0.87014,300,79,79
3,audiomotor,2718,3022,0.81158,2.6709,214,304,304
3,audiomotor,3254,3596,0.92507,2.2024,249,342,342
3,auditory,3000,3266,0.00042395,0.86988,0,266,266
3,auditory,3500,4227,0.00036756,1.7507,0,727,727
3,auditory,4000,3957,0.00044651,3.0625,0,-43,43
3,auditory,1000,1000,0.00071323,0.54934,0,0,0
3,auditory,2500,2574,0.00038457,1.4831,0,74,74
3,auditory,3000,4329,0.00040195,1.8593,0,1329,1329
3,auditory,2000,1753,0.00017259,0.67966,0,-247,247
3,auditory,2500,4085,0.00040658,2.185,0,1585,1585
3,auditory,1500,2218,0.00049579,0.93866,0,718,718
3,auditory,2000,2463,0.00071498,1.5552,0,463,463
3,auditory,1000,1327,0.00017898,1.2057,0,327,327
3,auditory,1500,1716,0.00018439,1.695,0,216,216
3,auditory,3500,3314,0.00036725,2.0065,0,-186,186
3,auditory,4000,4828,0.00050839,5.2639,0,828,828
3,motor,2003,2222,0.34065,0.93283,500,219,219
3,motor,2350,2720,0.60302,1.753,346,370,370
3,motor,2579,3966,0.63513,1.6813,76,1387,1387
3,motor,3352,3982,0.79912,2.0085,349,630,630
3,motor,1069,984,0.26359,0.82555,65,-85,85
3,motor,2057,1610,0.37078,1.1808,552,-447,447
3,motor,3613,3067,0.91525,2.5921,109,-546,546
3,motor,4353,4489,0.95133,2.003,350,136,136
3,motor,3467,4996,0.75335,1.597,463,1529,1529
3,motor,3592,4893,0.83593,2.0453,88,1301,1301
3,motor,4104,4559,1.1134,3.9573,101,455,455
3,motor,1257,1312,0.26947,0.83212,252,55,55
3,auditory,2000,2808,0.00060037,2.7727,0,808,808
3,auditory,2500,2737,0.00044668,3.7958,0,237,237
3,auditory,2500,3502,0.0005328,1.4265,0,1002,1002
3,auditory,3000,3798,0.00068406,4.8228,0,798,798
3,auditory,1500,1446,0.00025285,1.1863,0,-54,54
3,auditory,2000,2236,0.00020297,0.57867,0,236,236
3,auditory,4000,3208,0.00039358,4.2489,0,-792,792
3,auditory,1000,992,8.93E-05,0.58269,0,-8,8
3,auditory,1000,1273,0.00011857,0.51955,0,273,273
3,auditory,1500,1532,0.00016303,1.0085,0,32,32
3,auditory,3000,3061,0.00090879,0.62583,0,61,61
3,auditory,3500,3309,0.0003325,1.6698,0,-191,191
3,auditory,3500,3566,0.00058654,2.8441,0,66,66
3,auditory,4000,3999,0.00052544,4.3527,0,-1,1
3,audiomotor,2308,2101,0.44859,1.2341,304,-207,207
3,audiomotor,2680,2568,0.70488,1.725,175,-112,112
3,audiomotor,3189,3330,0.77669,2.0041,185,141,141
3,audiomotor,3719,4265,0.89361,1.8915,216,546,546
3,audiomotor,4478,4580,1.2291,3.3032,474,102,102
3,audiomotor,1310,1074,0.2326,0.65206,307,-236,236
3,audiomotor,3580,2669,0.95153,3.2083,76,-911,911
3,audiomotor,4256,4492,1.3293,3.6392,251,236,236
3,audiomotor,1877,1193,0.39777,0.97298,373,-684,684
3,audiomotor,2709,2166,0.69498,2.0238,704,-543,543
3,audiomotor,1056,1908,0.25627,0.67389,52,852,852
3,audiomotor,1843,1474,0.36032,0.9004,340,-369,369
3,audiomotor,2874,3295,0.72917,1.4306,370,421,421
3,audiomotor,3206,4035,0.79661,1.925,202,829,829
3,auditory,2500,3354,0.00042348,2.5862,0,854,854
3,auditory,3000,4383,0.00095677,2.2905,0,1383,1383
3,auditory,1500,1814,0.00022883,2.5496,0,314,314
3,auditory,2000,3316,0.00018301,1.5118,0,1316,1316
3,auditory,3500,4269,0.00038019,2.6054,0,769,769
3,auditory,4000,4843,0.00099238,5.8177,0,843,843
3,auditory,1000,1226,0.00016091,0.60659,0,226,226
3,auditory,1500,2077,0.00035655,2.3781,0,577,577
3,auditory,2000,2434,0.00037775,2.9982,0,434,434
3,auditory,2500,2734,0.000295,3.6762,0,234,234
3,auditory,4000,4498,0.00074625,2.5027,0,498,498
3,auditory,1000,1474,0.00018525,1.7746,0,474,474
3,auditory,3000,3568,0.00065533,3.427,0,568,568
3,auditory,3500,4163,0.00040566,1.8969,0,663,663
3,motor,2734,2581,0.71761,2.1329,230,-153,153
3,motor,3092,3413,0.77204,1.7635,88,321,321
3,motor,1091,1022,0.19519,0.49568,87,-69,69
3,motor,1593,1226,0.36797,1.2388,89,-367,367
3,motor,3569,3153,0.94024,2.4564,65,-416,416
3,motor,4498,4468,1.0629,2.4105,494,-30,30
3,motor,3337,3866,0.74141,1.7642,333,529,529
3,motor,4194,5228,1.1275,2.7076,690,1034,1034
3,motor,2584,1897,0.55467,1.4749,580,-687,687
3,motor,2952,2782,0.76,1.9811,448,-170,170
3,motor,1738,2585,0.38896,1.2002,234,847,847
3,motor,2136,2147,0.59911,1.6471,133,11,11
3,motor,4645,4579,1.2818,3.1736,640,-66,66
3,motor,1071,1471,0.24193,0.50237,67,400,400
3,audiomotor,3223,3384,1.0412,2.8996,220,161,161
3,audiomotor,3584,4336,1.2536,3.4469,80,752,752
3,audiomotor,1422,831,0.23638,0.55577,418,-591,591
3,audiomotor,3824,3452,1.2726,4.128,319,-372,372
3,audiomotor,4326,4950,1.3508,4.3526,323,624,624
3,audiomotor,4349,4420,1.3573,3.0528,346,71,71
3,audiomotor,1263,1014,0.29544,0.86556,259,-249,249
3,audiomotor,1736,1368,0.46898,1.6723,232,-368,368
3,audiomotor,2546,2003,0.54776,1.7014,543,-543,543
3,audiomotor,2394,2021,0.75601,2.1746,391,-373,373
3,audiomotor,3022,3156,0.83736,2.1949,519,134,134
3,audiomotor,2987,3175,0.94913,2.576,483,188,188
3,audiomotor,3316,3051,0.9312,2.1986,313,-265,265
4,motor,2130,1238,0.33429,0.9668,127,-892,892
4,motor,2584,1302,0.52948,1.72,79,-1282,1282
4,motor,1148,593,0.24462,0.68749,143,-555,555
4,motor,1689,666,0.32199,0.83032,185,-1023,1023
4,motor,3534,1601,0.5509,1.6508,29,-1933,1933
4,motor,4103,2037,0.71221,1.9569,98,-2066,2066
4,motor,4084,1934,0.67388,1.7436,81,-2150,2150
4,motor,2564,398,0.52684,1.2933,59,-2166,2166
4,motor,3074,1617,0.68066,2.0281,70,-1457,1457
4,motor,3081,1337,0.66866,1.9772,77,-1744,1744
4,motor,3665,1829,0.67652,1.9744,162,-1836,1836
4,motor,1639,911,0.44002,1.5267,135,-728,728
4,motor,2136,1126,0.50052,1.1342,131,-1010,1010
4,audiomotor,1566,1284,0.33773,0.93801,63,-282,282
4,audiomotor,2054,1027,0.27874,0.74468,50,-1027,1027
4,audiomotor,3072,2446,0.44477,1.065,67,-626,626
4,audiomotor,3621,2300,0.63945,1.5809,118,-1321,1321
4,audiomotor,4058,3273,0.63464,1.6319,54,-785,785
4,audiomotor,1159,736,0.17033,0.41967,155,-423,423
4,audiomotor,1183,890,0.21152,0.54102,180,-293,293
4,audiomotor,1618,1110,0.30975,1.1076,113,-508,508
4,audiomotor,2616,1275,0.44962,1.0466,112,-1341,1341
4,audiomotor,3118,2596,0.62217,1.6505,113,-522,522
4,audiomotor,2055,1681,0.38463,0.99952,52,-374,374
4,audiomotor,2686,2390,0.44543,1.1107,182,-296,296
4,audiomotor,3607,2160,0.61576,1.3739,104,-1447,1447
4,audiomotor,4065,3527,0.67612,1.5522,60,-538,538
4,auditory,1500,1362,0.00048153,2.8543,0,-138,138
4,auditory,2000,2042,0.00069817,5.2166,0,42,42
4,auditory,4000,3276,0.0018148,6.4992,0,-724,724
4,auditory,1000,1046,0.0057497,2.9901,0,46,46
4,auditory,2500,2976,0.00052203,0.56932,0,476,476
4,auditory,3000,2210,0.00062843,3.4342,0,-790,790
4,auditory,3500,3550,0.0012045,12.032,0,50,50
4,auditory,4000,3042,0.001431,11.769,0,-958,958
4,auditory,3000,2998,0.00038262,3.4365,0,-2,2
4,auditory,3500,1969,0.00071464,1.8545,0,-1531,1531
4,auditory,2000,1520,0.000706,4.535,0,-480,480
4,auditory,2500,2065,0.00087033,2.447,0,-435,435
4,auditory,1000,840,0.00033697,2.4447,0,-160,160
4,auditory,1500,1430,0.00056624,2.3403,0,-70,70
4,motor,1614,1358,0.34112,0.99334,109,-256,256
4,motor,2136,807,0.36691,0.85513,133,-1329,1329
4,motor,2153,1371,0.35698,1.0123,149,-782,782
4,motor,2624,1302,0.46041,1.206,119,-1322,1322
4,motor,3089,1690,0.61702,1.5446,84,-1399,1399
4,motor,3624,1530,0.76894,1.8507,121,-2094,2094
4,motor,3632,1879,0.78849,2.0317,128,-1753,1753
4,motor,4037,2391,0.74551,1.7167,34,-1646,1646
4,motor,1140,476,0.11517,0.3973,136,-664,664
4,motor,1609,694,0.25732,0.80835,104,-915,915
4,motor,4127,1567,0.62575,1.3767,124,-2560,2560
4,motor,1207,1451,0.19864,0.70357,202,244,244
4,motor,2617,2062,0.42601,1.0085,113,-555,555
4,motor,3087,2388,0.63261,1.4987,83,-699,699
4,auditory,3000,3241,0.00069907,2.7593,0,241,241
4,auditory,3500,4410,0.00081395,4.4524,0,910,910
4,auditory,2000,1942,0.00062382,0.44111,0,-58,58
4,auditory,2500,2683,0.00078867,1.206,0,183,183
4,auditory,2500,1351,0.00090661,6.4471,0,-1149,1149
4,auditory,3000,2260,0.0011164,5.9991,0,-740,740
4,auditory,3500,4120,0.0018098,10.022,0,620,620
4,auditory,4000,3320,0.001472,14.614,0,-680,680
4,auditory,4000,3910,0.0010205,4.4151,0,-90,90
4,auditory,1000,1240,0.00040252,1.9213,0,240,240
4,auditory,1500,2295,0.00036048,0.78465,0,795,795
4,auditory,2000,2111,0.00062135,6.4879,0,111,111
4,auditory,1000,1403,0.00080279,1.0397,0,403,403
4,auditory,1500,1310,0.00032657,0.79215,0,-190,190
4,audiomotor,2090,1890,0.38839,0.97611,87,-200,200
4,audiomotor,2576,2804,0.4553,1.0916,71,228,228
4,audiomotor,3089,3059,0.49408,1.3391,84,-30,30
4,audiomotor,3554,2939,0.52327,0.96363,49,-615,615
4,audiomotor,4042,3568,0.62137,1.3294,37,-474,474
4,audiomotor,1051,1471,0.14181,0.43729,48,420,420
4,audiomotor,1552,1699,0.15946,0.35342,47,147,147
4,audiomotor,2105,2449,0.22459,0.59875,101,344,344
4,audiomotor,2542,3444,0.4136,0.90687,38,902,902
4,audiomotor,3026,2961,0.47699,1.2075,23,-65,65
4,audiomotor,1055,1584,0.16146,0.32493,51,529,529
4,audiomotor,1565,2440,0.27558,0.74573,62,875,875
4,audiomotor,3616,3021,0.64823,1.3801,112,-595,595
4,audiomotor,4054,4196,0.52043,1.3039,50,142,142
4,motor,1107,1250,0.19016,0.50931,102,143,143
4,motor,1652,770,0.29502,0.62896,149,-882,882
4,motor,2139,1445,0.41314,1.1355,134,-694,694
4,motor,2689,2330,0.54838,1.4749,185,-359,359
4,motor,4119,2896,0.75138,1.8732,115,-1223,1223
4,motor,1145,951,0.16623,0.40461,142,-194,194
4,motor,3646,3153,0.57451,1.4624,142,-493,493
4,motor,4039,3335,0.50553,1.1516,36,-704,704
4,motor,2588,3163,0.48184,1.1812,84,575,575
4,motor,3075,2877,0.42534,1.0013,70,-198,198
4,motor,1640,2430,0.25087,0.57039,137,790,790
4,motor,2089,2880,0.34743,0.9332,86,791,791
4,motor,3155,3267,0.49719,1.236,152,112,112
4,motor,3659,4072,0.72556,1.8398,155,413,413
4,audiomotor,3016,2706,0.37763,0.92486,12,-310,310
4,audiomotor,3593,3118,0.56484,1.274,88,-475,475
4,audiomotor,2178,3424,0.27598,0.69489,174,1246,1246
4,audiomotor,2553,2498,0.39628,1.0018,50,-55,55
4,audiomotor,4104,3831,0.69817,1.6095,99,-273,273
4,audiomotor,1064,3007,0.1804,0.4591,61,1943,1943
4,audiomotor,3550,3918,0.7031,1.6727,46,368,368
4,audiomotor,4075,4066,0.83432,2.3168,71,-9,9
4,audiomotor,2556,3356,0.38277,0.89348,52,800,800
4,audiomotor,3020,3123,0.52902,1.4122,15,103,103
4,audiomotor,1108,1250,0.15624,0.42352,104,142,142
4,audiomotor,1507,1893,0.1446,0.36208,3,386,386
4,audiomotor,1618,2481,0.26491,0.75948,115,863,863
4,audiomotor,2137,3117,0.37596,1.0607,133,980,980
4,auditory,3000,2415,0.00037338,1.1738,0,-585,585
4,auditory,3500,3595,0.00090036,6.5715,0,95,95
4,auditory,1500,2319,0.00055649,1.9193,0,819,819
4,auditory,2000,2391,0.00040695,1.4694,0,391,391
4,auditory,1000,2448,0.0020535,1.8879,0,1448,1448
4,auditory,1500,1662,0.0005409,3.9641,0,162,162
4,auditory,2500,2865,0.0011245,9.0508,0,365,365
4,auditory,3000,3048,0.0015225,5.7177,0,48,48
4,auditory,3500,3139,0.0016491,4.8464,0,-361,361
4,auditory,4000,3708,0.0013453,17.188,0,-292,292
4,auditory,2000,1857,0.00059781,1.9848,0,-143,143
4,auditory,2500,2425,0.00080215,2.7924,0,-75,75
4,auditory,4000,3033,0.0015548,6.1425,0,-967,967
4,auditory,1000,1110,0.00067286,3.8154,0,110,110
4,motor,2025,1941,0.1762,0.53134,20,-84,84
4,motor,2543,2184,0.32623,0.73221,39,-359,359
4,motor,2570,2719,0.39738,1.4352,67,149,149
4,motor,3101,2440,0.47098,1.2663,97,-661,661
4,motor,1214,599,0.18562,0.71466,210,-615,615
4,motor,1590,1713,0.29427,0.85553,86,123,123
4,motor,4197,3050,0.60999,1.3916,193,-1147,1147
4,motor,1056,2124,0.16729,0.45498,51,1068,1068
4,motor,3601,2571,0.51394,1.3058,96,-1030,1030
4,motor,4140,3837,0.64141,1.5659,135,-303,303
4,motor,1639,1749,0.2717,0.67521,136,110,110
4,motor,2102,2191,0.33565,1.0933,98,89,89
4,motor,3683,3092,0.66459,2.0551,180,-591,591
4,auditory,2500,2630,0.00076989,0.42749,0,130,130
4,auditory,3000,3428,0.0012742,9.747,0,428,428
4,auditory,3000,3450,0.0011632,8.2496,0,450,450
4,auditory,3500,3144,0.0004916,5.6597,0,-356,356
4,auditory,3500,3533,0.0010831,10.129,0,33,33
4,auditory,4000,4438,0.0011958,9.7914,0,438,438
4,auditory,1500,1508,0.00070197,2.1465,0,8,8
4,auditory,2000,2587,0.00077481,1.5219,0,587,587
4,auditory,1000,2392,0.00033833,1.789,0,1392,1392
4,auditory,1500,3048,0.00037399,1.795,0,1548,1548
4,auditory,4000,4264,0.00089239,2.7509,0,264,264
4,auditory,1000,2344,0.00022889,1.4623,0,1344,1344
4,auditory,2000,3111,0.00047436,1.7047,0,1111,1111
4,auditory,2500,3564,0.00059501,2.9579,0,1064,1064
4,audiomotor,3075,3094,0.45372,1.106,72,19,19
4,audiomotor,3561,3340,0.40299,0.88795,57,-221,221
4,audiomotor,2060,2741,0.34678,0.77017,57,681,681
4,audiomotor,2587,2790,0.44156,1.4847,83,203,203
4,audiomotor,1675,2550,0.30435,0.65937,171,875,875
4,audiomotor,2058,2639,0.31293,0.998,55,581,581
4,audiomotor,2631,2922,0.52194,1.4285,127,291,291
4,audiomotor,3145,3974,0.60254,1.2771,142,829,829
4,audiomotor,4104,5522,0.82261,1.7235,101,1418,1418
4,audiomotor,1134,3007,0.16082,0.42214,129,1873,1873
4,audiomotor,3586,2910,0.4548,0.87945,83,-676,676
4,audiomotor,4147,3915,0.59768,1.5768,143,-232,232
4,audiomotor,1155,2074,0.19447,0.62439,150,919,919
4,audiomotor,1672,2564,0.29943,0.93034,168,892,892
4,motor,1237,1903,0.27698,0.77207,234,666,666
4,motor,1643,1640,0.32684,1.1812,140,-3,3
4,motor,3120,3613,0.64407,1.9837,116,493,493
4,motor,3633,4186,0.90383,2.6274,129,553,553
4,motor,2153,3399,0.47373,1.1243,148,1246,1246
4,motor,2701,3611,0.66955,1.8698,196,910,910
4,motor,1750,2924,0.38668,1.3612,246,1174,1174
4,motor,2268,3065,0.55917,1.9807,265,797,797
4,motor,3591,4110,0.80644,2.2542,88,519,519
4,motor,4066,5197,0.81884,2.24,62,1131,1131
4,motor,2744,4534,0.55399,2.0017,240,1790,1790
4,motor,3072,2779,0.58643,1.2783,68,-293,293
4,motor,4066,4070,0.84244,2.2043,62,4,4
4,motor,1114,1687,0.22424,1.6452,111,573,573
4,audiomotor,2077,2115,0.48705,1.6372,74,38,38
4,audiomotor,2577,2572,0.52863,1.2925,74,-5,5
4,audiomotor,1555,2340,0.22418,0.80043,52,785,785
4,audiomotor,2072,2647,0.42883,1.203,69,575,575
4,audiomotor,1205,2954,0.17097,0.46558,201,1749,1749
4,audiomotor,1613,3001,0.28718,0.87365,108,1388,1388
4,audiomotor,2661,4356,0.49608,1.704,157,1695,1695
4,audiomotor,3007,4325,0.29271,0.84396,3,1318,1318
4,audiomotor,4079,5270,0.51043,1.1242,75,1191,1191
4,audiomotor,1167,1958,0.15662,0.52857,163,791,791
4,audiomotor,3574,4892,0.57985,1.1304,69,1318,1318
4,audiomotor,4154,4428,0.68148,1.4104,151,274,274
4,audiomotor,3094,2946,0.42703,1.1641,91,-148,148
4,audiomotor,3579,4196,0.55365,1.4855,75,617,617
4,auditory,3000,3931,0.00066954,1.2274,0,931,931
4,auditory,3500,4671,0.00057594,2.2747,0,1171,1171
4,auditory,4000,4122,0.00056116,2.1506,0,122,122
4,auditory,1000,679,0.00032614,1.7981,0,-321,321
4,auditory,2000,1737,0.00057227,4.0072,0,-263,263
4,auditory,2500,2168,0.00064161,4.2131,0,-332,332
4,auditory,1000,2012,0.00027655,1.578,0,1012,1012
4,auditory,1500,2441,0.0003291,2.7221,0,941,941
4,auditory,3500,3722,0.00084761,3.9422,0,222,222
4,auditory,4000,4462,0.0012651,8.9215,0,462,462
4,auditory,1500,3344,0.00038975,2.3698,0,1844,1844
4,auditory,2000,2995,0.00042403,2.4475,0,995,995
4,auditory,2500,3064,0.00051126,1.2726,0,564,564
4,auditory,3000,3191,0.0012097,6.796,0,191,191
5,auditory,3500,2414,0.0013174,7.0147,0,-1086,1086
5,auditory,4000,2046,0.0018663,7.505,0,-1954,1954
5,auditory,2000,1533,0.00087572,5.1575,0,-467,467
5,auditory,2500,1952,0.0010591,5.0823,0,-548,548
5,auditory,4000,2928,0.001321,6.3288,0,-1072,1072
5,auditory,1000,1150,0.00040314,2.8406,0,150,150
5,auditory,2500,2506,0.0012692,7.1312,0,6,6
5,auditory,3000,2683,0.001207,5.1446,0,-317,317
5,auditory,1500,1459,0.00051779,2.6371,0,-41,41
5,auditory,2000,2276,0.0010333,5.8434,0,276,276
5,auditory,1000,1109,0.00061279,5.0125,0,109,109
5,auditory,1500,1504,0.0006613,5.1091,0,4,4
5,auditory,3000,2235,0.0013947,1.4034,0,-765,765
5,auditory,3500,3469,0.0018628,5.8921,0,-31,31
5,motor,1549,1135,0.14835,0.43987,46,-414,414
5,motor,3617,3191,0.43576,1.0598,114,-426,426
5,motor,3554,3380,0.40513,0.83981,50,-174,174
5,motor,4016,3191,0.38481,1.0356,13,-825,825
5,motor,3158,2880,0.43671,0.87098,154,-278,278
5,motor,2086,1895,0.35559,0.75623,82,-191,191
5,motor,4015,3484,0.39573,0.96442,10,-531,531
5,motor,1115,1084,0.17925,0.40247,112,-31,31
5,motor,2061,2347,0.2858,0.63919,56,286,286
5,motor,2510,2154,0.27192,0.58295,5,-356,356
5,audiomotor,1551,1953,0.15359,0.24472,47,402,402
5,audiomotor,2018,2064,0.24224,0.44866,15,46,46
5,audiomotor,3005,2860,0.25067,1.0208,1,-145,145
5,audiomotor,3585,3539,0.43255,0.78576,80,-46,46
5,audiomotor,3543,3111,0.34223,0.88099,38,-432,432
5,audiomotor,4087,3923,0.49273,0.91173,83,-164,164
5,audiomotor,4095,3462,0.53579,0.89205,90,-633,633
5,audiomotor,1017,1287,0.084398,0.25415,13,270,270
5,audiomotor,2532,2303,0.23157,0.45065,28,-229,229
5,audiomotor,3050,3500,0.32157,0.67514,47,450,450
5,audiomotor,2085,2257,0.28905,0.60566,82,172,172
5,audiomotor,2689,2667,0.34212,0.65662,186,-22,22
5,audiomotor,1074,1584,0.076052,0.17651,70,510,510
5,audiomotor,1630,1828,0.2437,0.6784,126,198,198
5,motor,2540,2674,0.30987,0.4712,36,134,134
5,motor,3009,3212,0.19005,0.6033,5,203,203
5,motor,3508,3463,0.21669,0.62889,4,-45,45
5,motor,4062,3356,0.94951,5.725,57,-706,706
5,motor,2075,2224,0.20918,0.33341,70,149,149
5,motor,2544,1690,0.27839,0.67877,39,-854,854
5,motor,1519,1243,0.1389,0.37365,15,-276,276
5,motor,2012,1357,0.13214,0.35989,7,-655,655
5,motor,1018,965,0.093464,0.23993,14,-53,53
5,motor,1555,1856,0.15897,0.29997,51,301,301
5,motor,4021,3146,0.33946,0.7853,16,-875,875
5,motor,1097,1425,0.2695,4.3393,94,328,328
5,motor,3037,1524,0.31673,0.59266,32,-1513,1513
5,motor,3508,2043,0.25388,0.69264,5,-1465,1465
5,audiomotor,3519,2942,0.34144,0.77164,16,-577,577
5,audiomotor,3537,3108,0.35924,0.8383,32,-429,429
5,audiomotor,4019,3063,0.32171,0.71703,14,-956,956
5,audiomotor,1092,1448,0.11483,0.25817,88,356,356
5,audiomotor,1585,1363,0.25661,0.51077,81,-222,222
5,audiomotor,1559,1705,0.24212,0.36909,54,146,146
5,audiomotor,2102,1685,0.26326,0.54921,99,-417,417
5,audiomotor,2018,2035,0.24169,0.55436,14,17,17
5,audiomotor,2557,2408,0.3192,0.81228,54,-149,149
5,audiomotor,4069,4798,0.54108,1.3345,65,729,729
5,audiomotor,1033,1251,0.13062,0.31742,28,218,218
5,audiomotor,3036,3533,0.2673,0.68296,33,497,497
5,auditory,1500,1780,0.00061037,1.7532,0,280,280
5,auditory,2000,2055,0.0010264,7.8343,0,55,55
5,auditory,4000,2820,0.0016271,16.826,0,-1180,1180
5,auditory,1000,1277,0.0005374,5.4784,0,277,277
5,auditory,1000,1282,0.0005873,2.8799,0,282,282
5,auditory,1500,1662,0.00083436,3.5185,0,162,162
5,auditory,3000,2697,0.0011845,7.3922,0,-303,303
5,auditory,3500,3600,0.0017463,23.881,0,100,100
5,auditory,3500,3692,0.0022854,18.781,0,192,192
5,auditory,4000,4827,0.0030302,20.27,0,827,827
5,auditory,2500,2541,0.0014652,12.437,0,41,41
5,auditory,3000,3145,0.0019911,8.5532,0,145,145
5,auditory,2000,2057,0.0010638,4.6138,0,57,57
5,auditory,2500,2986,0.0012155,6.6967,0,486,486
5,motor,4029,3267,0.48916,0.83366,26,-762,762
5,motor,2613,2515,0.23521,0.71742,109,-98,98
5,motor,3030,3381,0.27688,0.54573,26,351,351
5,motor,2018,2635,0.16307,0.49824,15,617,617
5,motor,2563,2265,0.21735,0.55904,59,-298,298
5,motor,4068,3536,0.45941,1.1241,63,-532,532
5,motor,1051,2090,0.14929,0.28373,48,1039,1039
5,motor,1113,1160,0.072191,0.16671,109,47,47
5,motor,1558,1772,0.177,0.42854,54,214,214
5,motor,1538,1863,0.16003,0.26841,35,325,325
5,motor,2043,2360,0.20795,0.42108,38,317,317
5,motor,3054,3287,0.33237,0.71757,51,233,233
5,motor,3508,3092,0.40161,0.94538,4,-416,416
5,audiomotor,2075,2421,0.30655,0.52138,71,346,346
5,audiomotor,2555,3444,0.34187,0.488,52,889,889
5,audiomotor,1076,1386,0.15728,0.35007,73,310,310
5,audiomotor,1550,2268,0.2222,0.35833,47,718,718
5,audiomotor,4151,3602,0.45186,0.99706,147,-549,549
5,audiomotor,1100,1611,0.15626,0.375,96,511,511
5,audiomotor,3627,3568,0.43269,0.71801,123,-59,59
5,audiomotor,4118,4156,0.63839,1.3077,113,38,38
5,audiomotor,2548,2435,0.33387,0.60861,44,-113,113
5,audiomotor,3102,2732,0.47604,1.1041,99,-370,370
5,audiomotor,3617,2920,0.57611,1.1662,113,-697,697
5,audiomotor,2082,2706,0.35314,0.54261,79,624,624
5,auditory,3000,2735,0.0015539,4.3327,0,-265,265
5,auditory,3500,3077,0.001191,12.068,0,-423,423
5,auditory,1500,2016,0.0009709,5.4321,0,516,516
5,auditory,2000,2140,0.00085903,1.8749,0,140,140
5,auditory,4000,3376,0.0016613,9.6943,0,-624,624
5,auditory,1000,1411,0.0017705,6.7825,0,411,411
5,auditory,3500,2619,0.002113,17.74,0,-881,881
5,auditory,4000,3164,0.0036013,19.062,0,-836,836
5,auditory,1000,1618,0.00065436,6.4443,0,618,618
5,auditory,1500,1969,0.00086263,8.4593,0,469,469
5,auditory,2500,2330,0.0017197,19.195,0,-170,170
5,auditory,3000,2586,0.0016237,25.286,0,-414,414
5,auditory,2000,2046,0.0025578,8.6059,0,46,46
5,auditory,2500,2403,0.0018443,9.4801,0,-97,97
5,audiomotor,1052,1571,0.11966,0.17525,48,519,519
5,audiomotor,1096,1465,0.15247,0.38582,92,369,369
5,audiomotor,1538,1971,0.23979,0.48574,35,433,433
5,audiomotor,3066,2404,0.27911,0.66852,63,-662,662
5,audiomotor,3571,3227,0.66674,1.4813,67,-344,344
5,audiomotor,2099,2367,0.33264,0.67941,94,268,268
5,audiomotor,2594,2884,0.47348,1.0787,90,290,290
5,audiomotor,2665,2471,0.36193,0.87738,162,-194,194
5,audiomotor,3059,3252,0.39469,0.76688,55,193,193
5,audiomotor,1584,3151,0.32678,0.57258,81,1567,1567
5,audiomotor,2057,2340,0.22795,0.6318,52,283,283
5,audiomotor,3557,3034,0.53987,0.84889,53,-523,523
5,audiomotor,4087,3564,0.68534,1.5827,83,-523,523
5,auditory,1500,1891,0.00072129,3.5942,0,391,391
5,auditory,2000,2505,0.00071791,7.3882,0,505,505
5,auditory,3000,2922,0.0018878,15.734,0,-78,78
5,auditory,3500,3213,0.0017317,10.148,0,-287,287
5,auditory,2500,2264,0.0014811,9.3457,0,-236,236
5,auditory,3000,2937,0.0031393,23.588,0,-63,63
5,auditory,4000,3654,0.0029271,8.4636,0,-346,346
5,auditory,1000,1159,0.001623,1.3099,0,159,159
5,auditory,3500,3236,0.0014492,21.907,0,-264,264
5,auditory,1000,1236,0.00060004,5.6153,0,236,236
5,auditory,1500,1616,0.00070177,5.1861,0,116,116
5,auditory,2000,1920,0.0010631,5.3591,0,-80,80
5,auditory,2500,2623,0.0028774,4.8413,0,123,123
5,motor,1077,1640,0.15157,0.29611,73,563,563
5,motor,1594,2078,0.17929,0.29942,91,484,484
5,motor,1077,1534,0.21162,0.44292,74,457,457
5,motor,3546,3505,0.55631,1.0202,42,-41,41
5,motor,4074,4299,0.72206,1.4053,70,225,225
5,motor,3100,3508,0.47278,0.66543,95,408,408
5,motor,3581,3036,0.66862,1.3965,78,-545,545
5,motor,2076,2587,0.33415,0.60605,72,511,511
5,motor,2594,2926,0.42036,0.5989,91,332,332
5,motor,1517,2447,0.18185,0.39056,13,930,930
5,motor,2067,2136,0.2319,0.39868,62,69,69
5,motor,2621,3222,0.4226,1.0435,118,601,601
5,motor,3039,2611,0.68424,1.3305,36,-428,428
5,audiomotor,2624,2412,0.24198,0.56027,121,-212,212
5,audiomotor,3052,2809,0.50639,0.87824,47,-243,243
5,audiomotor,4094,3111,0.57595,1.2702,90,-983,983
5,audiomotor,1124,1393,0.16709,0.25833,120,269,269
5,audiomotor,2101,2174,0.28924,0.57094,98,73,73
5,audiomotor,2608,2383,0.45018,0.70643,104,-225,225
5,audiomotor,3073,2899,0.51175,1.0344,70,-174,174
5,audiomotor,3572,2757,0.57922,1.3,68,-815,815
5,audiomotor,1062,1463,0.15048,0.29537,57,401,401
5,audiomotor,1580,1872,0.19013,0.37887,77,292,292
5,audiomotor,3511,2914,0.46972,0.89935,8,-597,597
5,audiomotor,1557,2334,0.17657,0.32063,54,777,777
5,audiomotor,2042,2215,0.19445,0.45456,38,173,173
5,motor,4096,3064,0.48734,1.0229,92,-1032,1032
5,motor,1042,1731,0.1526,0.35632,38,689,689
5,motor,2123,2025,0.16705,0.364,120,-98,98
5,motor,2527,2773,0.25149,0.65044,23,246,246
5,motor,3585,3914,1.0565,10.827,81,329,329
5,motor,4005,4042,0.48351,0.98961,1,37,37
5,motor,3038,3252,0.43401,0.66211,34,214,214
5,motor,3523,3683,0.54563,1.2668,18,160,160
5,motor,2507,2509,0.29315,0.87543,3,2,2
5,motor,3054,2630,0.38843,0.83647,50,-424,424
5,motor,1036,1272,0.097809,0.22758,31,236,236
5,motor,1561,1521,0.19314,0.4248,57,-40,40
5,motor,1530,1856,0.17717,0.34337,27,326,326
5,motor,2030,2569,0.22258,0.56522,25,539,539
5,auditory,1500,1767,0.00064613,10.12,0,267,267
5,auditory,2000,2017,0.00082991,5.038,0,17,17
5,auditory,2500,2394,0.00078816,9.6153,0,-106,106
5,auditory,3000,2901,0.0024248,11.645,0,-99,99
5,auditory,4000,3698,0.0016769,8.2374,0,-302,302
5,auditory,1000,1034,0.00059863,6.0063,0,34,34
5,auditory,3000,2418,0.002211,12.874,0,-582,582
5,auditory,3500,2576,0.0048107,2.8831,0,-924,924
5,auditory,3500,2447,0.001178,7.8522,0,-1053,1053
5,auditory,4000,3522,0.0026745,20.443,0,-478,478
5,auditory,1000,1127,0.0015623,1.482,0,127,127
5,auditory,1500,2004,0.0011362,13.477,0,504,504
5,auditory,2000,2461,0.0011428,14.979,0,461,461
5,auditory,2500,2531,0.0011844,21.53,0,31,31
6,audiomotor,1047,1016,0.19326,0.63847,43,-31,31
6,audiomotor,1557,1462,0.31225,1.1595,54,-95,95
6,audiomotor,2625,1991,0.48023,1.6078,121,-634,634
6,audiomotor,3125,2747,0.6596,2.2195,121,-378,378
6,audiomotor,3070,3369,0.66358,2.6503,65,299,299
6,audiomotor,3723,4237,0.91001,3.4025,220,514,514
6,audiomotor,3624,3890,0.95802,3.6372,120,266,266
6,audiomotor,4067,4109,0.9831,3.5046,63,42,42
6,audiomotor,1797,1727,0.40554,2.1113,293,-70,70
6,audiomotor,2036,1742,0.59151,1.9234,31,-294,294
6,audiomotor,4104,4830,1.0524,3.1737,101,726,726
6,audiomotor,1246,1492,0.24456,1.4374,243,246,246
6,audiomotor,2169,2071,0.65871,2.1173,166,-98,98
6,audiomotor,2619,1807,0.78904,1.9993,115,-812,812
6,auditory,1000,1622,0.00023588,1.2855,0,622,622
6,auditory,1500,2615,0.00032876,1.5149,0,1115,1115
6,auditory,1500,2522,0.00044296,1.2019,0,1022,1022
6,auditory,2000,3124,0.0005763,1.6662,0,1124,1124
6,auditory,3000,3987,0.00073788,3.4719,0,987,987
6,auditory,3500,4960,0.00050272,4.3577,0,1460,1460
6,auditory,3500,3701,0.0014521,6.9958,0,201,201
6,auditory,4000,4944,0.0011614,3.8058,0,944,944
6,auditory,2500,3157,0.00038688,2.2211,0,657,657
6,auditory,3000,4595,0.00048325,2.1592,0,1595,1595
6,auditory,2000,3601,0.00040611,2.2106,0,1601,1601
6,auditory,2500,4002,0.00043826,2.0117,0,1502,1502
6,auditory,4000,4133,0.00077317,6.3988,0,133,133
6,auditory,1000,1562,0.00039713,1.3502,0,562,562
6,motor,3640,3197,0.68369,2.348,135,-443,443
6,motor,3584,4342,0.92026,3.0438,79,758,758
6,motor,4115,4465,0.82553,2.689,111,350,350
6,motor,1385,1724,0.17667,0.9322,381,339,339
6,motor,1658,2569,0.28736,1.0187,155,911,911
6,motor,1657,2626,0.32753,1.4395,153,969,969
6,motor,4135,4433,0.9596,3.8457,132,298,298
6,motor,1223,1948,0.20466,0.81432,218,725,725
6,motor,2073,1615,0.41001,1.4049,69,-458,458
6,motor,2607,2236,0.63433,2.3417,103,-371,371
6,motor,2719,2535,0.55521,2.1585,215,-184,184
6,motor,3087,3677,0.67244,1.9768,84,590,590
6,audiomotor,1164,1544,0.24161,0.84019,159,380,380
6,audiomotor,1607,2980,0.33834,1.2575,102,1373,1373
6,audiomotor,2149,3014,0.64762,3.1746,146,865,865
6,audiomotor,2618,3417,0.63429,2.5929,115,799,799
6,audiomotor,3212,4426,0.95699,3.744,208,1214,1214
6,audiomotor,3760,3321,1.1729,5.5824,255,-439,439
6,audiomotor,3680,4541,1.0576,5.0714,176,861,861
6,audiomotor,4188,3951,1.1277,4.5534,184,-237,237
6,audiomotor,1584,2169,0.54736,2.869,79,585,585
6,audiomotor,2117,2708,0.46638,2.0011,114,591,591
6,audiomotor,4187,3749,0.95143,4.8969,183,-438,438
6,audiomotor,1057,1548,0.2268,0.92341,53,491,491
6,audiomotor,2684,2936,0.70121,3.3265,180,252,252
6,audiomotor,3212,3301,0.62787,2.347,208,89,89
6,auditory,1000,879,0.0004744,0.9399,0,-121,121
6,auditory,2500,4920,0.00050244,4.2922,0,2420,2420
6,auditory,3000,3756,0.00087439,2.7471,0,756,756
6,auditory,3500,3849,0.00092922,5.6811,0,349,349
6,auditory,4000,4500,0.00086348,6.3895,0,500,500
6,auditory,2000,2639,0.00020528,0.68772,0,639,639
6,auditory,2500,3365,0.00040723,2.0478,0,865,865
6,auditory,1500,2529,0.00029705,2.0929,0,1029,1029
6,auditory,2000,2543,0.00057555,1.3675,0,543,543
6,auditory,3000,3880,0.00027128,4.7157,0,880,880
6,auditory,3500,4133,0.00062227,2.5948,0,633,633
6,auditory,1000,2249,0.00018255,0.9046,0,1249,1249
6,auditory,1500,2961,0.00034651,1.0222,0,1461,1461
6,motor,1092,1964,0.20645,1.1786,88,872,872
6,motor,1593,1782,0.39457,1.0742,89,189,189
6,motor,1708,1850,0.31667,0.87325,204,142,142
6,motor,2158,3100,0.41739,2.4517,154,942,942
6,motor,2094,3115,0.46957,2.0624,89,1021,1021
6,motor,2580,3392,0.48526,1.8384,76,812,812
6,motor,4075,4074,0.7153,2.2553,72,-1,1
6,motor,1065,2228,0.1529,0.69423,61,1163,1163
6,motor,3625,4643,0.78283,2.4427,121,1018,1018
6,motor,4136,3630,1.1372,4.0282,131,-506,506
6,motor,2574,4466,0.45279,1.7373,69,1892,1892
6,motor,3103,4214,0.89788,4.2201,100,1111,1111
6,motor,3196,5012,0.90776,3.246,191,1816,1816
6,motor,3640,5009,0.9673,4.7054,136,1369,1369
6,audiomotor,1678,2341,0.37546,1.5492,174,663,663
6,audiomotor,2114,3279,0.43083,1.6425,110,1165,1165
6,audiomotor,2166,3213,0.55814,2.5281,161,1047,1047
6,audiomotor,2556,4356,0.63933,2.4319,51,1800,1800
6,audiomotor,3736,3758,0.89543,3.6437,232,22,22
6,audiomotor,4178,4080,1.0946,4.8276,174,-98,98
6,audiomotor,2652,3114,0.88516,3.7371,149,462,462
6,audiomotor,1316,1276,0.23898,1.7952,312,-40,40
6,audiomotor,1707,2443,0.23207,1.1917,202,736,736
6,audiomotor,4195,3617,0.88663,2.7562,190,-578,578
6,audiomotor,1235,3135,0.33457,1.2994,232,1900,1900
6,audiomotor,3175,3081,1.0028,3.9882,170,-94,94
6,audiomotor,3581,3770,0.84282,2.6598,77,189,189
6,auditory,2500,3622,0.00054082,1.7427,0,1122,1122
6,auditory,3000,3855,0.00073892,1.5389,0,855,855
6,auditory,4000,4854,0.00074525,5.4754,0,854,854
6,auditory,1000,2574,0.00086042,0.69781,0,1574,1574
6,auditory,1500,2490,0.00032844,1.4105,0,990,990
6,auditory,2000,2897,0.00022672,1.9301,0,897,897
6,auditory,1000,2164,0.00043135,0.90716,0,1164,1164
6,auditory,1500,4165,0.00045909,0.57146,0,2665,2665
6,auditory,2000,3972,0.00031119,1.2648,0,1972,1972
6,auditory,2500,3347,0.00062067,2.5943,0,847,847
6,auditory,3000,4139,0.00054046,2.958,0,1139,1139
6,auditory,3500,4180,0.00032073,3.0185,0,680,680
6,auditory,3500,4123,0.00024399,3.5992,0,623,623
6,auditory,4000,2134,0.00031283,1.1953,0,-1866,1866
6,motor,3860,4478,0.97097,3.8884,355,618,618
6,motor,4195,4070,0.8826,3.7806,192,-125,125
6,motor,1257,2217,0.27982,1.2018,253,960,960
6,motor,1737,2926,0.32382,1.7715,232,1189,1189
6,motor,1697,2809,0.44033,2.0906,193,1112,1112
6,motor,2274,3430,0.54064,2.3834,271,1156,1156
6,motor,2583,3716,1.035,6.9999,78,1133,1133
6,motor,3236,3790,0.67425,2.9862,232,554,554
6,motor,4074,3489,1.1269,4.5739,70,-585,585
6,motor,1165,2203,0.29322,1.381,161,1038,1038
6,motor,2306,2903,0.60652,2.999,301,597,597
6,motor,2712,3018,0.915,8.6769,208,306,306
6,motor,3212,3370,1.2424,4.8665,208,158,158
6,motor,3740,3625,1.1887,4.9135,235,-115,115
6,auditory,2500,4024,0.00053842,2.5015,0,1524,1524
6,auditory,3000,4044,0.00079173,3.3667,0,1044,1044
6,auditory,3500,4866,0.0010229,4.3491,0,1366,1366
6,auditory,4000,4675,0.0008135,4.4128,0,675,675
6,auditory,3000,3649,0.00068001,3.0186,0,649,649
6,auditory,3500,4337,0.00045404,2.5819,0,837,837
6,auditory,1000,1492,0.00029301,0.58171,0,492,492
6,auditory,1500,1740,0.00028652,1.2912,0,240,240
6,auditory,4000,5090,0.0004933,2.5498,0,1090,1090
6,auditory,1000,2346,0.00034272,1.081,0,1346,1346
6,auditory,2000,3389,0.00015997,0.82475,0,1389,1389
6,auditory,2500,3600,0.00044057,3.6904,0,1100,1100
6,auditory,1500,2463,0.00048728,1.5093,0,963,963
6,auditory,2000,3554,0.00024784,1.757,0,1554,1554
6,audiomotor,1744,2138,0.3702,1.536,240,394,394
6,audiomotor,2290,3412,0.5653,2.8669,287,1122,1122
6,audiomotor,3175,5435,0.76597,3.927,170,2260,2260
6,audiomotor,3619,3965,0.95223,4.0173,115,346,346
6,audiomotor,1200,2183,0.2167,1.4924,196,983,983
6,audiomotor,1761,1979,0.37592,2.342,257,218,218
6,audiomotor,2056,2679,0.45629,1.8089,52,623,623
6,audiomotor,2747,2998,0.98102,5.1453,242,251,251
6,audiomotor,2717,3886,0.87495,3.9204,214,1169,1169
6,audiomotor,3197,4276,1.0779,6.0394,192,1079,1079
6,audiomotor,3725,2967,1.11,5.8723,221,-758,758
6,audiomotor,4110,3458,1.3164,4.6552,107,-652,652
6,audiomotor,4180,4576,1.1836,6.4737,176,396,396
6,audiomotor,1220,1792,0.27891,1.9351,216,572,572
6,motor,3526,3426,1.1104,4.7719,21,-100,100
6,motor,4097,5523,1.165,6.1429,93,1426,1426
6,motor,4117,4059,1.6871,9.065,113,-58,58
6,motor,1275,3013,0.33316,1.9407,272,1738,1738
6,motor,2838,3775,0.76066,4.1098,335,937,937
6,motor,1848,3030,0.43535,3.0556,343,1182,1182
6,motor,2212,3180,0.53329,3.5266,208,968,968
6,motor,3299,4716,0.9715,5.0421,296,1417,1417
6,motor,3727,3255,1.3645,7.521,222,-472,472
6,motor,1321,1212,0.29521,2.2055,318,-109,109
6,motor,1806,2766,0.32056,2.0122,302,960,960
6,motor,2787,3109,0.98615,5.2815,284,322,322
6,motor,3224,1948,0.86275,2.705,221,-1276,1276
6,audiomotor,4195,3048,1.0994,5.7017,190,-1147,1147
6,audiomotor,1097,1220,0.26608,1.124,93,123,123
6,audiomotor,2698,3221,0.76136,3.3052,194,523,523
6,audiomotor,3207,2967,0.73054,2.925,202,-240,240
6,audiomotor,1076,2229,0.32147,1.7063,71,1153,1153
6,audiomotor,1663,2859,0.39975,2.4672,159,1196,1196
6,audiomotor,3202,3876,0.95892,5.4645,198,674,674
6,audiomotor,3622,2890,0.86326,5.4371,117,-732,732
6,audiomotor,1635,3297,0.36482,2.268,130,1662,1662
6,audiomotor,2164,3206,0.64189,4.3306,160,1042,1042
6,audiomotor,3658,4491,0.97563,5.2457,153,833,833
6,audiomotor,4258,4054,1.5808,6.1935,254,-204,204
6,audiomotor,2135,2897,0.77846,3.7444,131,762,762
6,audiomotor,2616,3166,0.89713,4.2825,112,550,550
6,motor,2309,2170,0.7538,4.0315,306,-139,139
6,motor,2647,3963,0.80421,4.1479,142,1316,1316
6,motor,4117,3448,0.98281,4.7897,112,-669,669
6,motor,1161,2383,0.30995,1.2907,158,1222,1222
6,motor,3405,3029,0.86852,4.4908,401,-376,376
6,motor,3737,3823,0.78979,3.7541,233,86,86
6,motor,2632,2618,0.43247,1.5369,127,-14,14
6,motor,3129,2378,0.81942,3.8583,126,-751,751
6,motor,1148,2161,0.2917,1.6467,144,1013,1013
6,motor,1773,2170,0.42275,2.2281,269,397,397
6,motor,3749,3990,1.2032,6.5098,244,241,241
6,motor,4157,4081,1.354,5.9914,154,-76,76
6,motor,1760,4417,0.43344,2.2577,256,2657,2657
6,motor,2150,1952,0.45054,1.2811,147,-198,198
6,auditory,2000,2887,0.00039403,2.1781,0,887,887
6,auditory,2500,3677,0.00040652,3.023,0,1177,1177
6,auditory,3000,3324,0.00061219,3.443,0,324,324
6,auditory,3500,4055,0.00071021,2.9551,0,555,555
6,auditory,2500,2921,0.00037642,2.8864,0,421,421
6,auditory,3000,3760,0.00083019,2.7316,0,760,760
6,auditory,1000,1810,0.0002217,0.51712,0,810,810
6,auditory,1500,1632,0.00059984,2.7782,0,132,132
6,auditory,3500,4264,0.00036349,1.5242,0,764,764
6,auditory,4000,4292,0.00070485,1.2816,0,292,292
6,auditory,4000,4934,0.00088344,4.0007,0,934,934
6,auditory,1000,2589,0.00031464,0.8626,0,1589,1589
6,auditory,1500,3190,0.00040513,0.96851,0,1690,1690
6,auditory,2000,3101,0.0003155,1.457,0,1101,1101
7,auditory,2500,1953,0.00039096,1.5097,0,-547,547
7,auditory,3000,2129,0.00042683,1.0564,0,-871,871
7,auditory,1500,1437,0.00016693,0.71903,0,-63,63
7,auditory,2000,2268,0.00046779,2.3647,0,268,268
7,auditory,4000,2931,0.00061254,2.5722,0,-1069,1069
7,auditory,1000,830,0.0006209,1.2383,0,-170,170
7,auditory,2000,1176,0.00020562,2.0175,0,-824,824
7,auditory,2500,1714,0.00059303,1.9133,0,-786,786
7,auditory,3500,2453,0.0005833,4.5636,0,-1047,1047
7,auditory,4000,3218,0.00056507,4.1291,0,-782,782
7,auditory,3000,2822,0.00036231,2.4976,0,-178,178
7,auditory,3500,2972,0.00060023,2.8736,0,-528,528
7,auditory,1000,819,0.00025458,1.2455,0,-181,181
7,auditory,1500,1418,0.000241,1.3005,0,-82,82
7,audiomotor,4174,3080,0.88155,2.1963,171,-1094,1094
7,audiomotor,1238,1170,0.20089,0.56385,234,-68,68
7,audiomotor,2062,1974,0.46786,1.2176,57,-88,88
7,audiomotor,2657,2029,0.62195,1.6498,153,-628,628
7,audiomotor,1648,1096,0.25967,0.82562,143,-552,552
7,audiomotor,2054,1441,0.65552,4.2157,50,-613,613
7,audiomotor,1206,1072,0.23971,0.611,201,-134,134
7,audiomotor,1632,1534,0.27155,0.9403,128,-98,98
7,audiomotor,2653,1626,0.60093,1.3617,149,-1027,1027
7,audiomotor,3222,2626,0.64075,1.7558,219,-596,596
7,audiomotor,3698,3300,0.72379,2.2565,194,-398,398
7,audiomotor,4159,2567,1.0633,3.0945,155,-1592,1592
7,audiomotor,3114,2348,0.66456,2.6188,110,-766,766
7,audiomotor,3555,2628,0.78819,2.0583,51,-927,927
7,motor,1159,1802,0.18147,0.68849,156,643,643
7,motor,1655,1675,0.32969,0.98526,151,20,20
7,motor,4083,3135,1.0933,2.947,78,-948,948
7,motor,1060,1285,0.19604,0.52692,56,225,225
7,motor,3681,3600,0.71675,2.0708,176,-81,81
7,motor,4194,3509,0.88088,2.9303,189,-685,685
7,motor,1632,1335,0.23505,0.84568,128,-297,297
7,motor,2222,2065,0.48031,1.2228,219,-157,157
7,motor,2531,2215,0.60143,1.5818,27,-316,316
7,motor,3303,2880,0.73442,2.9469,300,-423,423
7,motor,2134,2238,0.37447,1.0982,131,104,104
7,motor,2605,2281,0.68201,2.3802,102,-324,324
7,motor,3085,2527,0.84807,3.2024,81,-558,558
7,motor,3762,2660,1.1712,4.207,258,-1102,1102
7,auditory,2000,1710,0.00032918,2.0578,0,-290,290
7,auditory,2500,2807,0.00033459,3.0667,0,307,307
7,auditory,4000,3273,0.0010666,1.6332,0,-727,727
7,auditory,1000,896,0.00019679,0.81613,0,-104,104
7,auditory,3500,3240,0.00062437,2.4572,0,-260,260
7,auditory,4000,3420,0.00062837,2.1343,0,-580,580
7,auditory,1500,1303,0.00014781,1.5815,0,-197,197
7,auditory,2000,1868,0.00046757,2.8437,0,-132,132
7,auditory,1000,1069,0.00014924,0.5772,0,69,69
7,auditory,1500,1631,0.00019318,0.45629,0,131,131
7,auditory,2500,2449,0.00048202,2.5262,0,-51,51
7,auditory,3000,2691,0.00065488,2.05,0,-309,309
7,auditory,3000,2857,0.00048005,1.865,0,-143,143
7,auditory,3500,2344,0.00053201,3.6529,0,-1156,1156
7,audiomotor,2566,2252,0.49782,1.5696,62,-314,314
7,audiomotor,3127,2591,0.88804,5.8591,123,-536,536
7,audiomotor,1656,1391,0.39226,1.362,152,-265,265
7,audiomotor,2186,1752,0.50674,1.9143,182,-434,434
7,audiomotor,1171,1113,0.28259,0.86364,167,-58,58
7,audiomotor,1652,1433,0.42197,1.5229,149,-219,219
7,audiomotor,4165,3207,1.1123,4.1092,162,-958,958
7,audiomotor,1253,1053,0.21023,0.96568,250,-200,200
7,audiomotor,3657,3288,0.97052,3.3751,153,-369,369
7,audiomotor,4229,3512,1.138,4.1659,226,-717,717
7,audiomotor,3211,2821,0.8027,2.6883,207,-390,390
7,audiomotor,3586,3183,0.99861,2.6072,82,-403,403
7,audiomotor,2163,1636,0.52708,2.239,158,-527,527
7,audiomotor,2595,1544,0.74077,2.3621,92,-1051,1051
7,motor,2724,2207,0.68258,2.2295,221,-517,517
7,motor,3272,2393,0.86624,3.4233,268,-879,879
7,motor,1698,1132,0.42223,1.7557,195,-566,566
7,motor,2112,1253,0.48857,1.6116,108,-859,859
7,motor,4194,3345,1.0246,3.5487,190,-849,849
7,motor,1244,918,0.24703,1.137,240,-326,326
7,motor,3610,2303,0.91589,3.3623,107,-1307,1307
7,motor,4200,2697,0.83032,2.54,196,-1503,1503
7,motor,3155,2021,0.72885,2.4267,150,-1134,1134
7,motor,3633,2536,0.93204,3.6235,129,-1097,1097
7,motor,2197,1376,0.57874,1.5358,194,-821,821
7,motor,2694,1639,0.7115,2.6183,189,-1055,1055
7,motor,1187,792,0.2855,1.7449,184,-395,395
7,motor,1665,882,0.47437,1.662,161,-783,783
7,audiomotor,4153,2975,1.0906,4.1774,149,-1178,1178
7,audiomotor,1217,903,0.26062,0.82696,213,-314,314
7,audiomotor,1668,1057,0.36794,1.6598,163,-611,611
7,audiomotor,2086,1223,0.49729,2.154,82,-863,863
7,audiomotor,2601,1672,0.79755,2.9607,97,-929,929
7,audiomotor,3093,2417,0.87621,3.2709,90,-676,676
7,audiomotor,1191,1025,0.32035,1.356,187,-166,166
7,audiomotor,1689,1308,0.48629,2.2842,186,-381,381
7,audiomotor,3135,2529,0.92045,3.504,131,-606,606
7,audiomotor,3617,2716,0.86342,3.8284,113,-901,901
7,audiomotor,2189,2155,0.51597,1.9062,185,-34,34
7,audiomotor,2658,1966,0.5933,1.5102,154,-692,692
7,audiomotor,3707,2594,0.69242,2.9387,202,-1113,1113
7,audiomotor,4084,2999,1.0106,4.1625,80,-1085,1085
7,motor,4170,3756,1.1235,4.1422,167,-414,414
7,motor,1168,1066,0.22097,0.9584,164,-102,102
7,motor,3082,2727,0.78228,3.0957,77,-355,355
7,motor,3664,3194,0.7617,3.4772,159,-470,470
7,motor,2617,2425,0.68767,3.0422,113,-192,192
7,motor,3152,2212,0.6801,2.0181,148,-940,940
7,motor,1679,1706,0.34822,1.1487,174,27,27
7,motor,2058,1883,0.45234,1.4703,53,-175,175
7,motor,1090,964,0.23751,0.79684,86,-126,126
7,motor,1709,1506,0.33672,1.2051,205,-203,203
7,motor,2098,1980,0.45654,2.0777,94,-118,118
7,motor,2682,2470,0.60611,2.0854,178,-212,212
7,motor,3570,3296,0.87086,3.5054,67,-274,274
7,motor,4151,3295,0.82176,2.5737,148,-856,856
7,auditory,3500,3147,0.00069895,4.1371,0,-353,353
7,auditory,4000,4166,0.0012196,6.9563,0,166,166
7,auditory,3000,2621,0.0003357,2.2505,0,-379,379
7,auditory,3500,2959,0.00059483,1.8872,0,-541,541
7,auditory,2500,2379,0.00082585,1.2734,0,-121,121
7,auditory,3000,2798,0.00048518,3.4759,0,-202,202
7,auditory,2000,1933,0.00049867,0.34322,0,-67,67
7,auditory,2500,2062,0.00044252,2.9379,0,-438,438
7,auditory,4000,3880,0.001173,2.3518,0,-120,120
7,auditory,1000,885,0.00036723,3.2899,0,-115,115
7,auditory,1500,1334,0.00018897,1.2203,0,-166,166
7,auditory,2000,1718,0.00051823,1.1133,0,-282,282
7,auditory,1000,1110,0.00036772,0.80873,0,110,110
7,auditory,1500,1601,0.00039267,2.6986,0,101,101
7,motor,3085,2692,0.7122,2.0711,81,-393,393
7,motor,3597,3259,0.8471,3.3648,94,-338,338
7,motor,1712,1429,0.44433,1.426,208,-283,283
7,motor,2134,1974,0.39796,1.4091,130,-160,160
7,motor,4104,2997,0.96522,3.2829,99,-1107,1107
7,motor,1105,991,0.23809,0.71023,101,-114,114
7,motor,2126,1586,0.42656,1.6753,122,-540,540
7,motor,2650,2160,0.50616,1.6457,145,-490,490
7,motor,3691,2819,0.77415,2.1266,188,-872,872
7,motor,4153,3692,0.89643,2.9235,150,-461,461
7,motor,1201,957,0.23985,1.1184,196,-244,244
7,motor,1569,1073,0.35741,1.3196,64,-496,496
7,motor,2655,1744,0.61523,2.5134,152,-911,911
7,motor,3155,3357,0.68714,2.818,150,202,202
7,audiomotor,4173,2460,0.99932,3.2336,170,-1713,1713
7,audiomotor,1189,911,0.26067,1.1208,185,-278,278
7,audiomotor,2581,1498,0.65125,2.6523,77,-1083,1083
7,audiomotor,3166,1744,0.79321,2.3759,162,-1422,1422
7,audiomotor,1684,1132,0.34449,1.4342,180,-552,552
7,audiomotor,2130,1563,0.5225,2.1616,126,-567,567
7,audiomotor,1128,766,0.21204,0.98101,124,-362,362
7,audiomotor,1654,1016,0.37383,1.8818,150,-638,638
7,audiomotor,2165,1296,0.59084,2.5746,161,-869,869
7,audiomotor,2569,2135,0.63842,2.338,65,-434,434
7,audiomotor,3584,2852,0.81343,2.4928,80,-732,732
7,audiomotor,4007,3837,0.85699,3.1935,3,-170,170
7,audiomotor,3157,2262,0.76114,2.592,153,-895,895
7,audiomotor,3641,3080,0.85715,2.8179,137,-561,561
7,auditory,3500,3049,0.00072848,2.1208,0,-451,451
7,auditory,4000,3610,0.00058486,1.8115,0,-390,390
7,auditory,1500,1288,0.00078474,1.7498,0,-212,212
7,auditory,2000,2039,0.00036471,1.8992,0,39,39
7,auditory,2500,2964,0.00062466,3.0659,0,464,464
7,auditory,3000,3383,0.00089758,4.1264,0,383,383
7,auditory,1000,791,0.00030928,1.4488,0,-209,209
7,auditory,1500,1015,0.00055445,1.1443,0,-485,485
7,auditory,3000,2999,0.00069045,2.7475,0,-1,1
7,auditory,3500,3654,0.00043361,2.3534,0,154,154
7,auditory,2000,1669,0.00068093,1.8351,0,-331,331
7,auditory,2500,2210,0.00050878,1.5664,0,-290,290
7,auditory,4000,3713,0.00062646,1.557,0,-287,287
7,auditory,1000,599,0.00015665,0.58858,0,-401,401
7,audiomotor,3657,2744,1.2882,5.3521,153,-913,913
7,audiomotor,4198,3339,1.4834,6.13,195,-859,859
7,audiomotor,4232,3744,1.3295,5.7342,228,-488,488
7,audiomotor,1143,642,0.30242,1.6552,140,-501,501
7,audiomotor,2696,1854,0.84355,4.7877,192,-842,842
7,audiomotor,3164,2078,0.77833,4.5083,160,-1086,1086
7,audiomotor,2195,1624,0.61378,3.7943,191,-571,571
7,audiomotor,2588,1680,0.63492,3.323,84,-908,908
7,audiomotor,1219,811,0.29779,2.1511,215,-408,408
7,audiomotor,1687,1190,0.36366,2.156,183,-497,497
7,audiomotor,1675,1094,0.44176,2.2312,170,-581,581
7,audiomotor,2208,1402,0.61062,3.4317,204,-806,806
7,audiomotor,3111,2548,0.71622,4.9148,107,-563,563
7,audiomotor,3672,3249,1.0359,5.9132,167,-423,423
7,motor,4207,3701,1.1124,5.7035,202,-506,506
7,motor,1220,878,0.26423,1.2941,216,-342,342
7,motor,3108,2667,0.81321,3.7664,104,-441,441
7,motor,3598,2584,0.96441,4.6151,95,-1014,1014
7,motor,2549,1935,0.66793,2.2861,46,-614,614
7,motor,3177,2378,0.73571,2.815,173,-799,799
7,motor,1606,1439,0.31581,0.93646,102,-167,167
7,motor,2209,1586,0.55664,2.2026,204,-623,623
7,motor,3650,3337,0.98624,4.3624,145,-313,313
7,motor,4148,3975,0.605,2.515,143,-173,173
7,motor,2121,2144,0.60553,2.4793,117,23,23
7,motor,2672,2385,0.77176,4.3755,168,-287,287
7,motor,1169,1149,0.28329,1.3981,164,-20,20
7,motor,1687,1269,0.3497,1.9467,183,-418,418
7,auditory,3500,3295,0.00075627,1.3433,0,-205,205
7,auditory,4000,3710,0.0013244,2.6087,0,-290,290
7,auditory,1500,1276,0.00036499,1.2443,0,-224,224
7,auditory,2000,1876,0.00068585,2.0934,0,-124,124
7,auditory,2000,2087,0.00084305,1.5888,0,87,87
7,auditory,2500,2315,0.00042719,1.6851,0,-185,185
7,auditory,1000,1028,0.00015725,0.32396,0,28,28
7,auditory,1500,1390,0.00024986,1.5249,0,-110,110
7,auditory,2500,2448,0.00073396,1.7931,0,-52,52
7,auditory,3000,2384,0.0012324,2.0459,0,-616,616
7,auditory,4000,3528,0.0014286,1.8082,0,-472,472
7,auditory,1000,636,0.00022272,0.74873,0,-364,364
7,auditory,3000,2771,0.00053057,0.98897,0,-229,229
7,auditory,3500,2950,0.00035007,0.81309,0,-550,550
8,audiomotor,2522,1989,0.64781,2.4519,518,-533,533
8,audiomotor,2577,2241,0.80448,3.2157,74,-336,336
8,audiomotor,1261,936,0.20228,0.72904,256,-325,325
8,audiomotor,1575,1495,0.45196,1.8692,70,-80,80
8,audiomotor,2619,2546,0.68859,2.6174,115,-73,73
8,audiomotor,3121,3218,0.84243,3.3761,116,97,97
8,audiomotor,1633,1543,0.35503,1.4607,130,-90,90
8,audiomotor,2124,2279,0.42068,2.0186,119,155,155
8,audiomotor,3775,3787,0.94297,3.5939,272,12,12
8,audiomotor,4314,4150,0.99839,4.3146,310,-164,164
8,audiomotor,4244,3421,1.0289,4.1933,240,-823,823
8,audiomotor,1252,1277,0.19752,0.55173,248,25,25
8,audiomotor,3092,2739,0.65101,2.1382,88,-353,353
8,audiomotor,3562,4464,0.71432,2.6112,58,902,902
8,motor,2615,2220,0.65941,2.4183,111,-395,395
8,motor,2084,1430,0.51699,1.5184,81,-654,654
8,motor,2633,1835,0.79934,6.1841,128,-798,798
8,motor,1716,1041,0.29733,1.1188,212,-675,675
8,motor,3199,2221,0.73397,2.3992,194,-978,978
8,motor,3634,1352,0.93054,2.6547,130,-2282,2282
8,motor,3570,1209,0.84897,2.7144,67,-2361,2361
8,motor,4086,2936,0.98857,3.0541,82,-1150,1150
8,motor,4202,3249,1.1288,3.3246,199,-953,953
8,motor,1553,1185,0.25605,0.78728,549,-368,368
8,motor,1664,1074,0.60009,5.9693,161,-590,590
8,auditory,1500,2101,0.00046893,4.4842,0,601,601
8,auditory,2000,1997,0.00056267,6.7176,0,-3,3
8,auditory,2500,2462,0.00060346,3.3551,0,-38,38
8,auditory,3000,2732,0.00044881,4.1222,0,-268,268
8,auditory,3500,3355,0.00077061,12.294,0,-145,145
8,auditory,4000,3813,0.0014822,11.083,0,-187,187
8,auditory,1000,1220,0.00032687,3.5607,0,220,220
8,auditory,1500,1988,0.00043634,3.4757,0,488,488
8,auditory,2000,2388,0.0004794,5.5939,0,388,388
8,auditory,2500,2575,0.00028363,1.0955,0,75,75
8,auditory,4000,3634,0.00081243,12.632,0,-366,366
8,auditory,1000,1327,0.00030679,1.9782,0,327,327
8,auditory,3000,3623,0.00041498,2.5479,0,623,623
8,auditory,3500,3601,0.0005769,1.7225,0,101,101
8,motor,3187,2441,0.79389,2.6999,182,-746,746
8,motor,3892,2159,0.81397,2.9788,387,-1733,1733
8,motor,2465,1285,0.47314,1.5685,460,-1180,1180
8,motor,1604,859,0.29707,1.166,600,-745,745
8,motor,1589,1246,0.42198,1.6221,85,-343,343
8,motor,4238,2762,1.1878,3.81,235,-1476,1476
8,motor,2767,2564,0.48763,2.1027,762,-203,203
8,motor,3181,2222,0.84097,3.2798,676,-959,959
8,motor,3647,1692,1.3003,4.1073,142,-1955,1955
8,auditory,3000,2301,0.00086958,5.8713,0,-699,699
8,auditory,3500,3114,0.00061178,10.085,0,-386,386
8,auditory,1000,1097,0.00027065,1.7438,0,97,97
8,auditory,1500,1380,0.00029345,2.9418,0,-120,120
8,auditory,3500,3074,0.00090241,10.793,0,-426,426
8,auditory,4000,4014,0.00076876,13.887,0,14,14
8,auditory,2000,1731,0.00023334,1.6435,0,-269,269
8,auditory,2500,2682,0.00039367,3.8781,0,182,182
8,auditory,2500,2299,0.00059705,6.9879,0,-201,201
8,auditory,3000,2353,0.00078175,9.9557,0,-647,647
8,auditory,1500,1442,0.0002313,1.0937,0,-58,58
8,auditory,2000,1882,0.00067128,6.7245,0,-118,118
8,auditory,4000,3024,0.00051214,8.4765,0,-976,976
8,auditory,1000,1354,0.00034239,3.8283,0,354,354
8,audiomotor,2951,1563,0.65475,2.698,447,-1388,1388
8,audiomotor,3377,1966,0.69727,2.8453,373,-1411,1411
8,audiomotor,2599,1840,0.62971,2.4066,95,-759,759
8,audiomotor,1160,1440,0.2827,0.94909,157,280,280
8,audiomotor,2069,1478,0.45418,1.593,565,-591,591
8,audiomotor,1733,1464,0.42154,1.7239,228,-269,269
8,audiomotor,2191,1871,0.63201,2.2682,187,-320,320
8,audiomotor,3749,2825,1.1731,3.9731,244,-924,924
8,audiomotor,4218,3073,1.2691,4.4694,214,-1145,1145
8,audiomotor,3079,2312,0.87685,3.1339,75,-767,767
8,audiomotor,1293,1447,0.28992,0.94202,288,154,154
8,motor,3104,2279,0.88282,3.1512,99,-825,825
8,motor,3593,3067,1.007,3.2751,89,-526,526
8,motor,4155,2181,0.95696,3.7434,650,-1974,1974
8,motor,1258,1502,0.26304,1.0845,254,244,244
8,motor,2549,1260,0.63555,2.3372,545,-1289,1289
8,motor,2745,1562,0.77875,2.6574,240,-1183,1183
8,motor,2655,1656,0.86874,2.7443,150,-999,999
8,motor,3204,2303,0.92259,2.5977,200,-901,901
8,audiomotor,3125,2907,0.96952,3.294,121,-218,218
8,audiomotor,3571,2911,1.2383,3.9166,68,-660,660
8,audiomotor,4302,2578,1.2928,3.8145,299,-1724,1724
8,audiomotor,1319,1498,0.3167,1.0318,315,179,179
8,audiomotor,1616,1191,0.44876,1.721,111,-425,425
8,audiomotor,3700,3044,1.1548,3.3644,196,-656,656
8,audiomotor,4127,3240,1.2799,3.8592,122,-887,887
8,audiomotor,1951,1582,0.36574,1.7085,446,-369,369
8,audiomotor,2095,1379,0.62834,2.0685,90,-716,716
8,audiomotor,2121,1538,0.57159,1.7021,117,-583,583
8,audiomotor,3008,2017,0.6515,2.2547,504,-991,991
8,audiomotor,2546,1948,0.60972,2.2353,42,-598,598
8,auditory,1500,1203,0.00089529,1.1988,0,-297,297
8,auditory,2000,1358,0.0014677,1.2913,0,-642,642
8,auditory,3000,1812,0.00047058,2.8185,0,-1188,1188
8,auditory,3500,136,0.00076297,3.4353,0,-3364,3364
8,auditory,4000,3237,0.00068393,4.1884,0,-763,763
8,auditory,1000,1362,0.0021848,1.2938,0,362,362
8,auditory,2000,1505,0.00020847,1.2696,0,-495,495
8,auditory,2500,1685,0.00038471,5.2115,0,-815,815
8,auditory,3500,2635,0.00069287,3.937,0,-865,865
8,auditory,4000,2958,0.001414,5.7425,0,-1042,1042
8,auditory,2500,2229,0.00076627,3.226,0,-271,271
8,auditory,3000,2506,0.00099162,1.8893,0,-494,494
8,auditory,1000,874,0.00012396,0.8322,0,-126,126
8,auditory,1500,1465,0.00029274,0.92754,0,-35,35
8,audiomotor,3076,2707,0.70929,2.0415,71,-369,369
8,audiomotor,3672,3738,1.0726,3.4386,168,66,66
8,audiomotor,2576,1761,0.49459,1.9622,71,-815,815
8,audiomotor,3308,2307,0.79505,2.8303,304,-1001,1001
8,audiomotor,2411,2076,0.69452,1.8956,406,-335,335
8,audiomotor,2567,2437,0.71361,2.3528,63,-130,130
8,audiomotor,1578,2083,0.3998,1.247,74,505,505
8,audiomotor,2076,2370,0.39945,1.582,72,294,294
8,audiomotor,3682,2805,0.93069,2.9367,178,-877,877
8,audiomotor,4155,3070,1.11,3.5262,150,-1085,1085
8,audiomotor,4150,3199,1.1109,2.8195,145,-951,951
8,audiomotor,1544,1328,0.19043,0.73055,540,-216,216
8,audiomotor,1649,1164,0.30317,0.73482,645,-485,485
8,audiomotor,1580,1178,0.2636,1.2979,76,-402,402
8,motor,4114,2118,1.0983,3.9661,609,-1996,1996
8,motor,4228,2223,1.4718,5.3417,225,-2005,2005
8,motor,2655,2110,0.63859,2.033,651,-545,545
8,motor,1154,1085,0.35244,1.8168,151,-69,69
8,motor,1680,1164,0.38473,1.5242,176,-516,516
8,motor,2210,1569,0.55221,1.9556,206,-641,641
8,motor,3078,2324,0.70085,2.2703,574,-754,754
8,motor,3220,2432,0.84434,2.4711,215,-788,788
8,motor,3181,1949,0.79891,2.8027,177,-1232,1232
8,motor,4250,2121,1.1269,3.594,747,-2129,2129
8,motor,1229,1739,0.37068,1.1853,225,510,510
8,auditory,2500,2272,0.00074205,4.716,0,-228,228
8,auditory,3000,2263,0.00078342,1.9877,0,-737,737
8,auditory,1500,1342,0.00026927,2.2241,0,-158,158
8,auditory,2000,2068,0.00032571,4.1505,0,68,68
8,auditory,3000,2734,0.00053026,2.7918,0,-266,266
8,auditory,3500,2775,0.00050994,6.0344,0,-725,725
8,auditory,3500,4029,0.00099562,3.4638,0,529,529
8,auditory,4000,3895,0.00077495,3.2355,0,-105,105
8,auditory,1000,2007,0.00027371,1.3652,0,1007,1007
8,auditory,1500,1730,0.00022129,1.4298,0,230,230
8,auditory,4000,3203,0.0004462,2.0458,0,-797,797
8,auditory,1000,1686,0.00013964,0.9658,0,686,686
8,auditory,2000,1589,0.00045357,1.8205,0,-411,411
8,auditory,2500,2005,0.00049608,3.6172,0,-495,495
8,motor,2836,1830,0.77676,2.5881,332,-1006,1006
8,motor,3084,2360,0.90834,2.8549,79,-724,724
8,motor,4217,2176,1.0286,2.9269,213,-2041,2041
8,motor,1456,963,0.30934,0.84841,451,-493,493
8,motor,3573,1989,1.0281,3.0632,69,-1584,1584
8,motor,4058,1849,1.1926,3.2948,53,-2209,2209
8,motor,2322,1034,0.27245,1.1353,818,-1288,1288
8,motor,2101,1289,0.59833,2.4554,97,-812,812
8,motor,2182,1297,0.50776,1.636,179,-885,885
8,motor,2870,1407,0.74081,2.165,366,-1463,1463
8,motor,3126,1901,0.88849,2.8847,122,-1225,1225
8,motor,3756,2734,0.87596,2.1245,252,-1022,1022
8,motor,1183,1011,0.24207,0.66351,179,-172,172
8,auditory,1500,1368,0.00022285,1.2273,0,-132,132
8,auditory,2000,1795,0.00020066,1.3888,0,-205,205
8,auditory,2500,2029,0.00023973,1.2435,0,-471,471
8,auditory,3000,2598,0.00066896,1.9022,0,-402,402
8,auditory,1000,1464,0.00015386,0.49561,0,464,464
8,auditory,1500,1476,0.0004583,1.3396,0,-24,24
8,auditory,4000,2887,0.00051679,3.306,0,-1113,1113
8,auditory,1000,1306,0.000204,0.6266,0,306,306
8,auditory,2000,1836,0.00072804,1.7831,0,-164,164
8,auditory,2500,2249,0.00061493,2.0546,0,-251,251
8,auditory,3500,2382,0.0013273,4.1802,0,-1118,1118
8,auditory,4000,2525,0.00081592,3.4375,0,-1475,1475
8,auditory,3000,2209,0.0007472,2.5832,0,-791,791
8,auditory,3500,2261,0.00051801,3.1738,0,-1239,1239
8,audiomotor,2855,2285,0.61858,1.9979,350,-570,570
8,audiomotor,3176,2241,0.86398,2.8674,171,-935,935
8,audiomotor,2460,1698,0.54659,1.7569,456,-762,762
8,audiomotor,2670,1969,0.69618,1.9203,165,-701,701
8,audiomotor,4195,3833,0.97371,2.7589,191,-362,362
8,audiomotor,1344,1931,0.23091,0.66648,340,587,587
8,audiomotor,1282,1489,0.23447,0.97853,278,207,207
8,audiomotor,1746,1533,0.36185,1.5937,241,-213,213
8,audiomotor,1653,1245,0.4893,2.3947,150,-408,408
8,audiomotor,2122,2033,0.55283,1.9906,117,-89,89
8,audiomotor,3784,2098,0.73312,2.5289,280,-1686,1686
8,audiomotor,4183,3129,1.0564,3.427,179,-1054,1054
8,audiomotor,3503,2990,1.0457,5.0069,499,-513,513
8,audiomotor,3713,2553,1.1644,4.9688,210,-1160,1160
9,auditory,3000,2531,0.00081117,7.0827,0,-469,469
9,auditory,3500,2668,0.00089217,3.3924,0,-832,832
9,auditory,1500,1386,0.00032934,3.1321,0,-114,114
9,auditory,2000,1858,0.00048973,4.049,0,-142,142
9,auditory,2000,1506,0.00042439,3.2293,0,-494,494
9,auditory,2500,2099,0.00098014,3.8676,0,-401,401
9,auditory,1000,975,0.00027475,2.7138,0,-25,25
9,auditory,1500,1183,0.00045821,4.4476,0,-317,317
9,auditory,4000,3480,0.00073491,11.477,0,-520,520
9,auditory,1000,905,0.00029282,1.5737,0,-95,95
9,auditory,3500,3099,0.00067014,3.9209,0,-401,401
9,auditory,4000,3183,0.00051198,5.7433,0,-817,817
9,auditory,2500,2140,0.0019663,1.0418,0,-360,360
9,auditory,3000,2728,0.00058114,7.3027,0,-272,272
9,audiomotor,1737,1448,0.44729,2.4532,233,-289,289
9,audiomotor,2080,1841,0.79321,3.9294,76,-239,239
9,audiomotor,3176,2118,0.78934,3.3967,173,-1058,1058
9,audiomotor,3748,2751,1.8947,15.765,244,-997,997
9,audiomotor,1188,980,0.27936,1.4886,184,-208,208
9,audiomotor,1666,1155,0.48698,8.4805,162,-511,511
9,audiomotor,2188,1435,0.65272,3.3064,184,-753,753
9,audiomotor,2646,2449,0.76557,3.5643,142,-197,197
9,audiomotor,3556,2701,1.0443,5.664,51,-855,855
9,audiomotor,4215,3142,1.3245,9.9959,210,-1073,1073
9,audiomotor,4277,3509,1.3309,7.0107,273,-768,768
9,audiomotor,1094,1047,0.3651,2.4614,89,-47,47
9,audiomotor,2693,2239,0.80928,2.9249,188,-454,454
9,audiomotor,3165,2422,1.1074,10.635,160,-743,743
9,motor,1650,1440,0.44335,4.5756,147,-210,210
9,motor,2180,1975,0.83115,4.2199,177,-205,205
9,motor,4241,3503,1.8794,11.629,236,-738,738
9,motor,1231,1062,0.46408,3.9834,228,-169,169
9,motor,2315,1466,0.90262,5.0984,311,-849,849
9,motor,2786,2341,1.2906,8.8458,283,-445,445
9,motor,3736,3625,1.7915,13.744,231,-111,111
9,motor,4167,2575,1.5166,9.0462,163,-1592,1592
9,motor,2616,2539,1.0589,4.8823,111,-77,77
9,motor,3245,2783,1.2548,7.4012,240,-462,462
9,motor,1621,1805,0.56192,2.3798,117,184,184
9,motor,3247,3061,0.93071,4.7993,243,-186,186
9,motor,3750,2592,2.0111,16.048,246,-1158,1158
9,auditory,3500,2782,0.00058616,0.92691,0,-718,718
9,auditory,4000,3345,0.00065518,11.191,0,-655,655
9,auditory,1000,1093,0.00022942,1.4574,0,93,93
9,auditory,1500,1339,0.00021475,2.4291,0,-161,161
9,auditory,4000,4157,0.00058093,6.889,0,157,157
9,auditory,1000,1131,0.00022409,2.061,0,131,131
9,auditory,2500,2527,0.00052851,8.2991,0,27,27
9,auditory,3000,3235,0.0006937,10.58,0,235,235
9,auditory,1500,1414,0.00033054,3.5244,0,-86,86
9,auditory,2000,1916,0.00046833,6.6375,0,-84,84
9,auditory,2000,1420,0.00052418,2.59,0,-580,580
9,auditory,2500,2250,0.00041498,7.5904,0,-250,250
9,auditory,3000,2486,0.00057283,6.6649,0,-514,514
9,auditory,3500,4599,0.00057745,10.627,0,1099,1099
9,audiomotor,1174,1328,0.35799,1.5769,170,154,154
9,audiomotor,1804,1616,0.52515,1.875,300,-188,188
9,audiomotor,1772,1698,0.55595,3.4164,267,-74,74
9,audiomotor,2147,1591,0.85689,13.316,142,-556,556
9,audiomotor,2650,2164,0.91258,4.7877,145,-486,486
9,audiomotor,3247,3284,1.0308,4.886,242,37,37
9,audiomotor,3604,2682,1.3499,7.0425,101,-922,922
9,audiomotor,4328,3579,1.74,9.3275,324,-749,749
9,audiomotor,2226,2157,0.75976,4.3297,223,-69,69
9,audiomotor,2744,2565,1.0968,4.8217,240,-179,179
9,audiomotor,3196,2712,1.426,9.7254,193,-484,484
9,audiomotor,3756,3336,1.3902,7.9055,253,-420,420
9,audiomotor,4172,3466,1.8316,10.648,168,-706,706
9,audiomotor,1318,963,0.23733,0.76575,314,-355,355
9,motor,4197,3462,1.2123,5.7673,193,-735,735
9,motor,2225,1990,0.62411,1.9835,221,-235,235
9,motor,2675,2342,0.54242,1.8538,171,-333,333
9,motor,1792,1866,0.34244,1.0105,288,74,74
9,motor,2540,2314,0.98401,8.7152,36,-226,226
9,motor,3198,2837,0.76996,3.0431,195,-361,361
9,motor,3736,3219,0.86716,3.698,231,-517,517
9,motor,4147,3239,0.95037,3.3341,143,-908,908
9,motor,1886,1849,0.35896,1.2133,383,-37,37
9,motor,2210,1711,0.60055,2.6825,206,-499,499
9,motor,3166,2869,0.84037,3.9418,162,-297,297
9,motor,3648,2588,0.75171,3.7912,144,-1060,1060
9,audiomotor,4205,3506,1.3671,7.7242,202,-699,699
9,audiomotor,1144,957,0.18189,1.0458,141,-187,187
9,audiomotor,1129,1930,0.3051,0.8355,124,801,801
9,audiomotor,1675,1712,0.45679,1.5523,170,37,37
9,audiomotor,1720,2284,0.48307,2.4384,216,564,564
9,audiomotor,2262,1950,0.69651,3.2987,258,-312,312
9,audiomotor,3768,3150,1.0451,6.6925,264,-618,618
9,audiomotor,4097,2938,1.465,5.3503,93,-1159,1159
9,audiomotor,3206,2899,1.0814,4.2688,201,-307,307
9,audiomotor,3719,2942,1.0854,4.4455,215,-777,777
9,audiomotor,2121,2454,0.68127,2.471,116,333,333
9,audiomotor,2732,2166,0.83554,4.8823,228,-566,566
9,audiomotor,2681,2410,0.82855,4.4418,176,-271,271
9,audiomotor,3172,3251,1.0986,3.8155,168,79,79
9,motor,1829,1778,0.49004,3.7234,324,-51,51
9,motor,2329,1691,0.79191,3.8706,325,-638,638
9,motor,4066,2963,0.81388,2.5813,63,-1103,1103
9,motor,1369,1741,0.38312,1.9775,365,372,372
9,motor,2330,2434,0.57054,2.4725,326,104,104
9,motor,2658,1985,0.69061,4.0221,154,-673,673
9,motor,1305,1402,0.24331,1.604,302,97,97
9,motor,1687,1564,0.64866,7.1333,182,-123,123
9,motor,3242,1744,1.0061,4.8454,238,-1498,1498
9,motor,3625,2090,0.85654,3.932,120,-1535,1535
9,motor,3767,2758,1.0203,4.1635,262,-1009,1009
9,motor,4247,2808,0.92634,4.241,243,-1439,1439
9,auditory,3000,2748,0.00085239,2.9159,0,-252,252
9,auditory,3500,3266,0.00029418,5.9057,0,-234,234
9,auditory,1500,1381,0.00028082,2.9526,0,-119,119
9,auditory,2000,2663,0.00038963,2.1347,0,663,663
9,auditory,2000,2102,0.00032952,1.5682,0,102,102
9,auditory,2500,2633,0.00050708,3.1439,0,133,133
9,auditory,1000,1203,0.00028589,1.5297,0,203,203
9,auditory,1500,1534,0.0002068,2.9182,0,34,34
9,auditory,2500,2565,0.00029176,1.7199,0,65,65
9,auditory,3000,3261,0.00049759,4.2891,0,261,261
9,auditory,3500,3402,0.0003557,5.4122,0,-98,98
9,auditory,4000,4000,0.00052589,4.7459,0,0,0
9,auditory,4000,3239,0.00041816,5.4847,0,-761,761
9,auditory,1000,885,0.00042012,2.2854,0,-115,115
9,audiomotor,2227,2134,0.53066,2.1227,223,-93,93
9,audiomotor,2590,2268,0.40023,1.0539,85,-322,322
9,audiomotor,3168,1837,1.2854,9.3459,163,-1331,1331
9,audiomotor,3659,2785,0.99399,3.6896,155,-874,874
9,audiomotor,3773,2870,0.8619,3.2364,269,-903,903
9,audiomotor,1799,1627,0.48884,1.9301,295,-172,172
9,audiomotor,2236,2142,0.66038,2.4395,231,-94,94
9,audiomotor,2709,2075,0.89351,3.9436,206,-634,634
9,audiomotor,3359,2539,0.92452,5.3252,354,-820,820
9,audiomotor,4226,235,1.3506,4.6852,221,-3991,3991
9,audiomotor,1334,940,0.4035,2.0466,331,-394,394
9,audiomotor,1301,1307,0.30118,2.0368,296,6,6
9,audiomotor,1744,1654,0.52185,2.0944,240,-90,90
9,auditory,4000,3695,0.00081027,3.418,0,-305,305
9,auditory,1000,1154,0.00035307,1.6694,0,154,154
9,auditory,1000,1117,0.0001901,1.5099,0,117,117
9,auditory,1500,1234,0.0003211,4.4715,0,-266,266
9,auditory,1500,1277,0.00028897,3.7206,0,-223,223
9,auditory,2000,1659,0.00034589,6.3484,0,-341,341
9,auditory,3500,3122,0.00052221,10.4,0,-378,378
9,auditory,4000,3668,0.0007464,13.318,0,-332,332
9,auditory,3000,2317,0.00024823,4.8085,0,-683,683
9,auditory,3500,3178,0.0005673,4.3903,0,-322,322
9,auditory,2500,2490,0.00043922,4.0472,0,-10,10
9,auditory,3000,2921,0.00033465,4.1935,0,-79,79
9,auditory,2000,1958,0.00043849,1.6379,0,-42,42
9,auditory,2500,2547,0.00043884,3.4655,0,47,47
9,motor,2211,2353,0.59234,2.1767,207,142,142
9,motor,2802,2770,0.3787,1.1627,297,-32,32
9,motor,3554,3577,0.89511,2.0593,50,23,23
9,motor,4183,2519,0.78644,2.6537,180,-1664,1664
9,motor,3607,2969,0.98564,3.91,103,-638,638
9,motor,2701,2658,0.54196,1.6187,197,-43,43
9,motor,3093,3320,0.53642,1.206,89,227,227
9,motor,1098,1350,0.2974,0.76791,95,252,252
9,motor,1720,1583,0.42102,1.8508,217,-137,137
9,motor,4169,3040,0.81511,3.6767,165,-1129,1129
9,motor,1252,1479,0.29352,1.1213,248,227,227
9,motor,1621,1478,0.33004,0.61825,118,-143,143
9,motor,2054,1766,0.26316,0.69131,50,-288,288
9,audiomotor,2131,2279,0.55323,1.4225,126,148,148
9,audiomotor,2692,2524,0.82958,3.1103,189,-168,168
9,audiomotor,2682,2507,0.7571,2.9204,178,-175,175
9,audiomotor,3246,3165,0.84301,3.3902,241,-81,81
9,audiomotor,1106,1649,0.21136,0.62263,102,543,543
9,audiomotor,1740,1358,0.36905,1.6146,237,-382,382
9,audiomotor,4047,3044,1.0028,2.9305,44,-1003,1003
9,audiomotor,1189,1166,0.39439,1.5391,185,-23,23
9,audiomotor,1657,1540,0.30858,0.58771,153,-117,117
9,audiomotor,2031,1819,0.40995,0.7185,26,-212,212
9,audiomotor,3540,2712,1.5809,5.8899,36,-828,828
9,audiomotor,4202,2933,0.51898,1.1321,197,-1269,1269
9,audiomotor,3168,2456,0.49385,1.4603,163,-712,712
9,audiomotor,3758,3383,0.58089,1.8015,254,-375,375
9,auditory,1000,1186,0.00023113,1.0368,0,186,186
9,auditory,1500,1629,0.00022075,4.4869,0,129,129
9,auditory,4000,3445,0.00070241,8.6398,0,-555,555
9,auditory,1000,822,0.00022084,2.0328,0,-178,178
9,auditory,1500,1933,0.00020445,1.1629,0,433,433
9,auditory,2000,1922,0.00026883,2.496,0,-78,78
9,auditory,3000,2838,0.00041987,3.151,0,-162,162
9,auditory,3500,3156,0.00075728,2.1109,0,-344,344
9,auditory,3500,2972,0.00059048,12.577,0,-528,528
9,auditory,4000,4012,0.00034498,5.8703,0,12,12
9,auditory,2500,2712,0.00022723,5.3268,0,212,212
9,auditory,3000,2328,0.00037576,8.2152,0,-672,672
9,auditory,2000,1997,0.00044577,7.1417,0,-3,3
9,auditory,2500,3183,0.00071865,5.3784,0,683,683
9,motor,2144,2536,0.55907,2.0075,141,392,392
9,motor,2611,2579,0.74877,2.5994,107,-32,32
9,motor,3222,3037,0.92423,4.6638,218,-185,185
9,motor,3714,3716,1.0948,4.4014,211,2,2
9,motor,2798,2287,1.798,23.245,293,-511,511
9,motor,1891,1650,0.50943,2.6905,387,-241,241
9,motor,2238,2318,0.64381,3.37,235,80,80
9,motor,3823,2727,1.1349,4.5837,320,-1096,1096
9,motor,4058,2833,1.0471,3.1349,54,-1225,1225
9,motor,4145,2980,0.80555,2.1709,140,-1165,1165
9,motor,1136,896,0.56245,7.2473,132,-240,240
9,motor,1121,1758,0.18736,0.50393,116,637,637
9,motor,1627,2254,0.39639,1.1443,123,627,627
10,auditory,3500,2312,0.00084462,3.1288,0,-1188,1188
10,auditory,4000,2715,0.00084128,3.3339,0,-1285,1285
10,auditory,3000,1923,0.00044754,2.663,0,-1077,1077
10,auditory,3500,2889,0.0004697,2.2142,0,-611,611
10,auditory,2500,2385,0.00052539,2.0962,0,-115,115
10,auditory,3000,2682,0.00046897,3.248,0,-318,318
10,auditory,2000,2007,0.0004834,2.1249,0,7,7
10,auditory,2500,2578,0.00052002,0.83318,0,78,78
10,auditory,4000,3485,0.00076754,4.391,0,-515,515
10,auditory,1000,1028,0.00020279,1.3326,0,28,28
10,auditory,1000,716,0.00025203,0.57318,0,-284,284
10,auditory,1500,1493,0.0004833,1.0202,0,-7,7
10,auditory,1500,1488,0.0003336,1.6868,0,-12,12
10,auditory,2000,2112,0.00056877,1.8832,0,112,112
10,audiomotor,2619,2519,0.41379,1.1646,114,-100,100
10,audiomotor,3063,2585,0.54008,1.6333,58,-478,478
10,audiomotor,2087,1693,0.34749,1.054,83,-394,394
10,audiomotor,2585,1884,0.41152,1.1264,81,-701,701
10,audiomotor,3592,2555,0.6386,1.9579,89,-1037,1037
10,audiomotor,4062,3088,0.66486,2.3379,59,-974,974
10,audiomotor,4080,2866,0.7651,2.4321,77,-1214,1214
10,audiomotor,1088,890,0.1625,0.69487,84,-198,198
10,audiomotor,1057,569,0.17189,0.59361,54,-488,488
10,audiomotor,1625,909,0.30596,1.0235,122,-716,716
10,audiomotor,3052,2310,0.5008,1.7632,48,-742,742
10,audiomotor,3576,2927,0.60089,2.4411,71,-649,649
10,audiomotor,1607,1147,0.28881,0.95623,102,-460,460
10,audiomotor,2085,1820,0.32334,1.2475,81,-265,265
10,motor,3179,2591,0.63731,2.2934,174,-588,588
10,motor,3671,2709,0.78704,2.7682,167,-962,962
10,motor,2162,1447,0.44716,1.6016,157,-715,715
10,motor,2625,2184,0.33138,1.1734,121,-441,441
10,motor,1609,1028,0.29364,1.0219,104,-581,581
10,motor,2142,1358,0.36161,1.3094,137,-784,784
10,motor,2572,2145,0.45902,1.5762,68,-427,427
10,motor,3041,2198,0.41292,1.6601,37,-843,843
10,motor,3553,2958,0.51416,2.2129,50,-595,595
10,motor,4220,3361,0.58513,2.2695,217,-859,859
10,motor,4104,3449,0.65301,2.4603,100,-655,655
10,motor,1067,1041,0.15932,0.55725,63,-26,26
10,motor,1020,983,0.19071,0.54686,16,-37,37
10,motor,1549,1422,0.26219,1.0738,44,-127,127
10,auditory,1500,1156,0.00028694,1.5616,0,-344,344
10,auditory,2000,1420,0.0004652,1.6179,0,-580,580
10,auditory,2000,1691,0.00033938,1.9157,0,-309,309
10,auditory,2500,2231,0.00042197,4.9582,0,-269,269
10,auditory,3000,2402,0.00050237,2.0223,0,-598,598
10,auditory,3500,3002,0.00062913,1.8656,0,-498,498
10,auditory,3500,3515,0.00094168,1.1268,0,15,15
10,auditory,4000,3971,0.0007992,2.3685,0,-29,29
10,auditory,4000,3420,0.00069283,4.7141,0,-580,580
10,auditory,1000,709,0.00024041,0.29161,0,-291,291
10,auditory,1000,695,0.0001484,1.301,0,-305,305
10,auditory,1500,1309,0.00022253,2.1156,0,-191,191
10,auditory,2500,2768,0.00048858,1.9785,0,268,268
10,auditory,3000,2659,0.00052253,0.65964,0,-341,341
10,audiomotor,1099,916,0.1547,0.47065,94,-183,183
10,audiomotor,1609,1072,0.28584,0.98105,106,-537,537
10,audiomotor,2531,2051,0.33942,3.9286,28,-480,480
10,audiomotor,3137,2636,0.44707,1.9138,134,-501,501
10,audiomotor,3123,2256,0.55457,1.752,120,-867,867
10,audiomotor,3547,2390,0.87793,4.7578,43,-1157,1157
10,audiomotor,3634,3014,0.73535,2.6887,131,-620,620
10,audiomotor,4136,3007,0.696,2.5931,132,-1129,1129
10,audiomotor,1629,1754,0.27196,1.0148,126,125,125
10,audiomotor,2105,2178,0.40924,1.6786,100,73,73
10,audiomotor,2070,1662,0.38213,1.6716,65,-408,408
10,audiomotor,2566,2201,0.56707,2.207,61,-365,365
10,audiomotor,4149,3396,0.91359,3.9585,146,-753,753
10,audiomotor,1070,868,0.18468,0.85803,66,-202,202
10,motor,4153,3086,0.75421,2.817,149,-1067,1067
10,motor,1148,954,0.18594,0.79619,145,-194,194
10,motor,3138,2226,0.62834,2.4829,134,-912,912
10,motor,3566,2438,0.66347,2.7714,63,-1128,1128
10,motor,2649,2036,0.50311,1.9949,145,-613,613
10,motor,3073,2337,0.5993,1.8551,69,-736,736
10,motor,1168,726,0.17891,0.78494,163,-442,442
10,motor,1601,1327,0.26605,0.96766,97,-274,274
10,motor,3618,2472,0.79211,2.9573,114,-1146,1146
10,motor,4132,3068,0.77277,2.9757,128,-1064,1064
10,motor,1688,1356,0.39813,1.5948,183,-332,332
10,motor,2145,1903,0.43333,1.537,142,-242,242
10,motor,2044,1952,0.26771,1.0715,40,-92,92
10,motor,2575,2257,0.54502,1.9546,70,-318,318
10,auditory,1000,912,0.00022451,0.42389,0,-88,88
10,auditory,1500,1280,0.00038087,0.35626,0,-220,220
10,auditory,3500,2391,0.0005815,4.7626,0,-1109,1109
10,auditory,4000,2841,0.00079043,3.4567,0,-1159,1159
10,auditory,4000,3428,0.000674,4.4838,0,-572,572
10,auditory,1000,1219,0.0002109,0.5595,0,219,219
10,auditory,1500,1320,0.0002264,1.8881,0,-180,180
10,auditory,2000,1464,0.00028287,3.6081,0,-536,536
10,auditory,2500,1796,0.00055668,1.5089,0,-704,704
10,auditory,3000,2386,0.00060186,1.6131,0,-614,614
10,auditory,2000,1999,0.00030673,1.7701,0,-1,1
10,auditory,2500,2043,0.00058566,4.8634,0,-457,457
10,auditory,3000,2463,0.00092526,4.2434,0,-537,537
10,auditory,3500,193,0.00060259,5.0867,0,-3307,3307
10,motor,3134,2243,0.53791,1.7454,130,-891,891
10,motor,1579,1674,0.30091,1.1559,75,95,95
10,motor,2071,1260,0.36517,1.521,67,-811,811
10,motor,2126,1789,0.43778,1.5962,122,-337,337
10,motor,2617,2297,0.41635,1.7452,113,-320,320
10,motor,3613,2639,0.62752,2.4662,109,-974,974
10,motor,4142,3738,0.66414,2.6477,138,-404,404
10,motor,1122,945,0.1828,0.70168,117,-177,177
10,motor,1620,1108,0.24444,0.95519,116,-512,512
10,motor,4136,3598,0.91764,3.3495,131,-538,538
10,motor,1167,957,0.19871,0.7935,162,-210,210
10,motor,3142,2513,0.55017,2.0319,139,-629,629
10,motor,3577,3642,0.90101,3.3893,72,65,65
10,audiomotor,2152,1728,0.41441,1.6984,147,-424,424
10,audiomotor,2624,2393,0.43539,1.8569,119,-231,231
10,audiomotor,4056,3269,0.69021,2.9292,52,-787,787
10,audiomotor,1059,918,0.16968,0.73686,56,-141,141
10,audiomotor,2655,2741,0.5594,2.0872,151,86,86
10,audiomotor,3162,3414,0.6416,2.3863,158,252,252
10,audiomotor,1186,1146,0.20413,0.79946,182,-40,40
10,audiomotor,1605,1349,0.30862,1.3651,101,-256,256
10,audiomotor,3600,2561,0.66836,2.9827,96,-1039,1039
10,audiomotor,4107,3577,0.87951,3.1817,103,-530,530
10,audiomotor,1609,1516,0.23099,1.0782,105,-93,93
10,audiomotor,2077,1808,0.35907,1.4131,74,-269,269
10,audiomotor,3067,3098,0.58704,2.2602,63,31,31
10,audiomotor,3564,3059,0.68549,2.9322,61,-505,505
10,auditory,3500,2294,0.00043306,1.4649,0,-1206,1206
10,auditory,4000,2535,0.000422,2.0772,0,-1465,1465
10,auditory,3000,2139,0.00046649,2.9013,0,-861,861
10,auditory,3500,2220,0.00049533,2.2594,0,-1280,1280
10,auditory,2000,2261,0.00038424,1.9156,0,261,261
10,auditory,2500,2370,0.00022739,2.9598,0,-130,130
10,auditory,2500,2140,0.00047187,1.2642,0,-360,360
10,auditory,3000,2321,0.00044,1.1318,0,-679,679
10,auditory,4000,2709,0.00065601,4.9144,0,-1291,1291
10,auditory,1000,844,0.0001988,0.89881,0,-156,156
10,auditory,1000,697,0.0002782,0.31494,0,-303,303
10,auditory,1500,1153,0.00022738,1.3897,0,-347,347
10,auditory,1500,1307,0.00034182,3.3599,0,-193,193
10,auditory,2000,1313,0.00021805,1.6148,0,-687,687
10,motor,1674,1271,0.3452,0.84002,170,-403,403
10,motor,2117,1653,0.38561,1.4773,113,-464,464
10,motor,1142,1202,0.22914,0.7408,139,60,60
10,motor,1562,1485,0.29584,1.1399,57,-77,77
10,motor,4054,2740,0.66184,2.3334,50,-1314,1314
10,motor,1116,1042,0.21178,0.78846,112,-74,74
10,motor,2602,1738,0.44013,1.5917,99,-864,864
10,motor,3040,2287,0.51337,1.6136,36,-753,753
10,motor,3048,2347,0.53262,1.9641,44,-701,701
10,motor,3635,2666,0.66731,2.622,132,-969,969
10,motor,2060,1825,0.35419,1.4868,56,-235,235
10,motor,2633,1843,0.47439,1.7829,128,-790,790
10,motor,3590,2596,0.54672,2.0301,87,-994,994
10,motor,4073,2927,0.81972,2.9001,69,-1146,1146
10,audiomotor,3592,2706,0.44058,1.6081,87,-886,886
10,audiomotor,4113,3336,0.74487,3.0819,109,-777,777
10,audiomotor,3034,2988,0.50916,2.0663,30,-46,46
10,audiomotor,3563,2994,0.59617,2.1929,60,-569,569
10,audiomotor,2634,2723,0.45023,1.7258,130,89,89
10,audiomotor,3131,2812,0.52147,2.0276,127,-319,319
10,audiomotor,2131,2328,0.53269,2.0516,127,197,197
10,audiomotor,2662,2773,0.58902,2.2649,159,111,111
10,audiomotor,4104,3470,0.6347,2.0075,100,-634,634
10,audiomotor,1133,1078,0.18403,0.742,129,-55,55
10,audiomotor,1066,913,0.20269,0.83856,61,-153,153
10,audiomotor,1604,1385,0.22751,0.99107,99,-219,219
10,audiomotor,1623,1593,0.25007,1.0573,120,-30,30
10,audiomotor,2067,1399,0.35341,1.4489,62,-668,668
10,auditory,3000,1819,0.00026645,6.7488,0,-1181,1181
10,auditory,3500,2050,0.00064268,6.9222,0,-1450,1450
10,auditory,2000,1516,0.00046521,0.38587,0,-484,484
10,auditory,2500,1792,0.00052586,1.2271,0,-708,708
10,auditory,4000,2653,0.0006118,2.3859,0,-1347,1347
10,auditory,1000,1170,0.00016278,0.16187,0,170,170
10,auditory,2500,1429,0.00036676,2.2831,0,-1071,1071
10,auditory,3000,1907,0.0006674,1.6022,0,-1093,1093
10,auditory,1500,1458,0.00023458,0.41126,0,-42,42
10,auditory,2000,1593,0.00028174,1.3196,0,-407,407
10,auditory,3500,2547,0.00065418,4.0921,0,-953,953
10,auditory,4000,2418,0.00065202,1.301,0,-1582,1582
10,auditory,1000,827,0.00019538,1.1851,0,-173,173
10,auditory,1500,1152,0.00032311,0.39013,0,-348,348
10,motor,2094,1676,0.44639,1.4,89,-418,418
10,motor,2573,1407,0.47711,1.6781,69,-1166,1166
10,motor,3636,2752,0.7132,2.3273,132,-884,884
10,motor,4059,2798,0.73246,2.3579,54,-1261,1261
10,motor,4114,3566,0.84542,3.0505,110,-548,548
10,motor,1051,1333,0.1797,0.644,46,282,282
10,motor,1541,1691,0.18379,0.66223,36,150,150
10,motor,2073,1911,0.35975,1.0755,70,-162,162
10,motor,2531,2497,0.36621,1.4148,28,-34,34
10,motor,3094,2395,0.44095,1.395,91,-699,699
10,motor,3048,2710,0.4424,1.6625,44,-338,338
10,motor,3577,3516,0.75891,2.5884,73,-61,61
10,motor,1051,1268,0.1594,0.68141,47,217,217
10,motor,1621,1752,0.25731,0.69813,118,131,131
10,audiomotor,2108,1576,0.42983,1.5481,104,-532,532
10,audiomotor,2565,2028,0.57344,1.776,62,-537,537
10,audiomotor,1586,1790,0.35099,1.2297,82,204,204
10,audiomotor,2098,1804,0.4168,1.6711,93,-294,294
10,audiomotor,3568,2389,0.52004,1.8349,63,-1179,1179
10,audiomotor,4137,3418,0.68568,2.1237,134,-719,719
10,audiomotor,2625,2665,0.58904,1.9987,122,40,40
10,audiomotor,3134,2851,0.56212,2.1132,131,-283,283
10,audiomotor,1122,1257,0.16083,0.63757,118,135,135
10,audiomotor,1603,1109,0.27938,0.98605,100,-494,494
10,audiomotor,3127,3207,0.49014,2.087,124,80,80
10,audiomotor,3605,2742,0.66541,2.1034,101,-863,863
10,audiomotor,4069,2540,0.63131,2.076,65,-1529,1529
10,audiomotor,1080,1168,0.21141,0.72271,76,88,88
11,audiomotor,2288,2137,0.47449,4.2527,285,-151,151
11,audiomotor,2635,2593,0.66289,6.3708,131,-42,42
11,audiomotor,4125,3248,1.0956,9.6906,121,-877,877
11,audiomotor,1286,1301,0.31142,3.2598,282,15,15
11,audiomotor,3198,3488,1.0772,9.9102,193,290,290
11,audiomotor,3690,3168,1.115,10.42,186,-522,522
11,audiomotor,3652,3736,1.1674,10.272,148,84,84
11,audiomotor,4134,3720,1.498,10.878,130,-414,414
11,audiomotor,1372,1363,0.31755,3.1204,368,-9,9
11,audiomotor,1769,2012,0.63401,6.088,264,243,243
11,audiomotor,1716,2117,0.6182,5.071,212,401,401
11,audiomotor,2158,1805,0.76867,6.5604,155,-353,353
11,audiomotor,2770,2450,1.0374,7.1835,266,-320,320
11,audiomotor,3185,3301,1.3315,10.013,181,116,116
11,motor,3282,2894,1.1426,8.9209,278,-388,388
11,motor,3745,3943,1.5884,20.526,241,198,198
11,motor,4144,3257,1.2911,8.6732,139,-887,887
11,motor,2180,2227,0.64563,5.0963,177,47,47
11,motor,2765,2484,0.87422,6.1013,261,-281,281
11,motor,2719,2811,0.75537,5.6189,216,92,92
11,motor,3329,2682,1.0384,6.5436,325,-647,647
11,motor,3655,3271,1.0328,6.7073,150,-384,384
11,motor,4043,3112,1.0942,8.5396,38,-931,931
11,motor,1352,1336,0.35778,2.282,348,-16,16
11,motor,1840,1372,0.54465,3.7895,335,-468,468
11,motor,1851,1809,0.47704,2.9174,346,-42,42
11,motor,2179,1979,0.68418,4.5599,175,-200,200
11,auditory,2000,1997,0.00064978,2.9565,0,-3,3
11,auditory,2500,2764,0.00079794,1.2363,0,264,264
11,auditory,3500,3100,0.0025157,8.4538,0,-400,400
11,auditory,4000,3435,0.0017976,13.476,0,-565,565
11,auditory,2500,2751,0.00094138,1.0855,0,251,251
11,auditory,3000,2644,0.00086353,3.7828,0,-356,356
11,auditory,4000,3377,0.0014837,10.742,0,-623,623
11,auditory,1000,1173,0.00043869,0.35268,0,173,173
11,auditory,1000,1156,0.00066575,3.358,0,156,156
11,auditory,1500,1604,0.00070277,3.8635,0,104,104
11,auditory,1500,1674,0.00043617,1.509,0,174,174
11,auditory,2000,2751,0.0013998,7.2582,0,751,751
11,auditory,3000,2275,0.00072778,2.8053,0,-725,725
11,auditory,3500,3721,0.00098348,1.8978,0,221,221
11,audiomotor,3217,2798,0.90229,8.5991,213,-419,419
11,audiomotor,3680,3413,0.95536,8.3696,176,-267,267
11,audiomotor,2755,2360,0.77306,6.8715,251,-395,395
11,audiomotor,3242,3039,0.97395,7.4037,238,-203,203
11,audiomotor,3739,3150,0.95248,7.0261,235,-589,589
11,audiomotor,4216,2839,1.1359,8.6724,211,-1377,1377
11,audiomotor,4133,3663,1.325,9.4262,129,-470,470
11,audiomotor,1299,1002,0.32229,2.5362,294,-297,297
11,audiomotor,1749,1201,0.53109,4.1914,245,-548,548
11,audiomotor,2289,1990,0.79367,5.378,285,-299,299
11,audiomotor,1336,1790,0.3506,2.9213,331,454,454
11,audiomotor,1757,1603,0.51178,4.3025,254,-154,154
11,audiomotor,2263,2134,0.59961,5.0818,260,-129,129
11,audiomotor,2794,2619,0.76439,6.2697,290,-175,175
11,auditory,2000,2267,0.00066147,1.0693,0,267,267
11,auditory,2500,2394,0.00091587,2.505,0,-106,106
11,auditory,3500,2840,0.0021075,15.582,0,-660,660
11,auditory,4000,3246,0.0024426,16.636,0,-754,754
11,auditory,2500,3388,0.0010597,5.0963,0,888,888
11,auditory,3000,2095,0.0013983,5.5503,0,-905,905
11,auditory,1500,1515,0.00057802,0.40725,0,15,15
11,auditory,2000,2124,0.0014497,11.454,0,124,124
11,auditory,1000,628,0.00026912,1.1873,0,-372,372
11,auditory,1500,1211,0.00065945,1.7707,0,-289,289
11,auditory,4000,2582,0.00091693,3.4235,0,-1418,1418
11,auditory,1000,1137,0.00066773,1.6689,0,137,137
11,auditory,3000,2576,0.00084847,3.3959,0,-424,424
11,auditory,3500,2738,0.0013833,5.7026,0,-762,762
11,motor,2632,2208,0.82867,8.1705,129,-424,424
11,motor,3283,2406,0.98237,8.5942,280,-877,877
11,motor,1825,1502,0.53128,4.391,322,-323,323
11,motor,2355,1893,0.6585,6.0748,351,-462,462
11,motor,3682,2783,1.2383,10.003,179,-899,899
11,motor,4176,3761,1.1819,9.1935,171,-415,415
11,motor,3180,2607,0.86798,6.1799,177,-573,573
11,motor,3711,2952,0.99667,7.1011,208,-759,759
11,motor,4251,2718,1.1112,7.5198,247,-1533,1533
11,motor,1394,750,0.23325,1.8695,390,-644,644
11,motor,2167,1987,0.56847,4.1579,163,-180,180
11,motor,2859,2039,0.75261,5.2587,356,-820,820
11,motor,1298,1428,0.35613,2.6007,293,130,130
11,motor,1669,1675,0.46674,3.2653,166,6,6
11,auditory,2500,2115,0.0010167,4.0803,0,-385,385
11,auditory,3000,2429,0.0012779,3.7299,0,-571,571
11,auditory,1000,1555,0.00046184,2.3679,0,555,555
11,auditory,1500,1564,0.00098528,3.5139,0,64,64
11,auditory,1500,1327,0.00044407,2.4287,0,-173,173
11,auditory,2000,1361,0.00075969,2.2737,0,-639,639
11,auditory,2000,2029,0.00066379,0.86628,0,29,29
11,auditory,2500,2245,0.00099699,2.2431,0,-255,255
11,auditory,3000,2805,0.00053211,4.0968,0,-195,195
11,auditory,3500,2227,0.00099834,3.1896,0,-1273,1273
11,auditory,4000,3701,0.0011936,0.77771,0,-299,299
11,auditory,1000,1252,0.00048786,3.325,0,252,252
11,auditory,3500,3276,0.0011395,4.4203,0,-224,224
11,auditory,4000,3536,0.0020596,12.878,0,-464,464
11,motor,3183,2588,0.79765,6.9037,179,-595,595
11,motor,3547,2866,0.7181,5.4794,42,-681,681
11,motor,1746,1310,0.41684,4.0747,242,-436,436
11,motor,2281,2334,0.39263,2.6322,277,53,53
11,motor,1087,1483,0.28649,1.876,83,396,396
11,motor,1755,1502,0.40583,3.33,252,-253,253
11,motor,2744,2729,0.83555,4.293,241,-15,15
11,motor,3225,2866,0.81604,5.8685,220,-359,359
11,motor,3707,2869,1.0047,5.3633,203,-838,838
11,motor,4257,2692,0.93806,5.6429,253,-1565,1565
11,motor,2324,2397,0.48122,2.5608,320,73,73
11,motor,2668,2531,0.64014,4.0964,164,-137,137
11,motor,4056,2632,1.0738,5.972,53,-1424,1424
11,motor,1300,1163,0.28878,2.0337,296,-137,137
11,audiomotor,1302,1262,0.26839,2.1718,298,-40,40
11,audiomotor,1748,1792,0.51329,4.8492,244,44,44
11,audiomotor,3716,2629,0.99565,7.3839,212,-1087,1087
11,audiomotor,4213,3494,1.4418,9.0801,209,-719,719
11,audiomotor,2284,2236,0.62319,3.7186,280,-48,48
11,audiomotor,2754,2823,0.72683,4.9231,249,69,69
11,audiomotor,1604,1738,0.40862,2.9897,101,134,134
11,audiomotor,2260,2096,0.4756,3.548,255,-164,164
11,audiomotor,2706,2674,0.74949,5.2221,202,-32,32
11,audiomotor,3268,2211,1.0655,6.0839,265,-1057,1057
11,audiomotor,3314,1980,0.82293,6.0571,310,-1334,1334
11,audiomotor,3677,2557,1.1507,7.8136,173,-1120,1120
11,audiomotor,4227,3317,0.97704,7.8874,222,-910,910
11,audiomotor,1232,1286,0.23176,1.8999,228,54,54
11,auditory,3000,2587,0.0017957,8.2699,0,-413,413
11,auditory,3500,2787,0.00082314,6.461,0,-713,713
11,auditory,1000,1424,0.00067598,2.504,0,424,424
11,auditory,1500,1715,0.00051397,1.9931,0,215,215
11,auditory,4000,3586,0.0010068,1.1467,0,-414,414
11,auditory,1000,1638,0.00017617,1.4193,0,638,638
11,auditory,2500,2673,0.0015119,11.978,0,173,173
11,auditory,3000,3155,0.0023087,11.505,0,155,155
11,auditory,3500,2685,0.0015621,9.7477,0,-815,815
11,auditory,4000,3373,0.0013273,7.6568,0,-627,627
11,auditory,1500,1350,0.0010658,1.9104,0,-150,150
11,auditory,2000,2301,0.00085143,2.3685,0,301,301
11,auditory,2000,2397,0.00079761,0.80837,0,397,397
11,auditory,2500,2436,0.00070936,0.42273,0,-64,64
11,audiomotor,3731,3187,0.88205,6.9338,228,-544,544
11,audiomotor,4055,2863,0.65342,5.4074,52,-1192,1192
11,audiomotor,1608,2032,0.40409,3.5259,103,424,424
11,audiomotor,2198,2012,0.62061,4.6336,194,-186,186
11,audiomotor,4176,3259,0.93224,6.9352,171,-917,917
11,audiomotor,1271,1458,0.23343,1.736,268,187,187
11,audiomotor,2373,1863,0.53945,3.9676,368,-510,510
11,audiomotor,2752,2126,0.75114,5.7501,248,-626,626
11,audiomotor,2714,2345,0.70594,5.4884,210,-369,369
11,audiomotor,3274,2495,0.75742,5.9248,269,-779,779
11,audiomotor,3107,2279,0.78704,5.6168,103,-828,828
11,audiomotor,3585,2476,0.99167,5.7349,81,-1109,1109
11,audiomotor,1259,1194,0.31838,2.4494,255,-65,65
11,audiomotor,1666,1709,0.3706,2.8015,163,43,43
11,motor,3725,3052,1.2224,8.9858,221,-673,673
11,motor,4307,2814,1.3259,8.2061,303,-1493,1493
11,motor,1786,1586,0.47696,3.1984,282,-200,200
11,motor,2259,2070,0.61309,3.7186,254,-189,189
11,motor,1280,1485,0.3001,1.5125,276,205,205
11,motor,1783,1871,0.46535,3.2913,279,88,88
11,motor,3082,2238,0.8709,5.3101,77,-844,844
11,motor,3637,3010,1.0289,5.7575,133,-627,627
11,motor,2621,2559,0.65298,3.9819,116,-62,62
11,motor,2713,2304,0.71768,5.1129,208,-409,409
11,motor,3225,2461,0.78389,5.5814,221,-764,764
11,motor,4135,2835,1.0479,5.9956,132,-1300,1300
11,motor,1251,1677,0.27886,2.2075,247,426,426
11,audiomotor,1294,1649,0.2882,2.6374,291,355,355
11,audiomotor,1706,1715,0.37868,3.2579,202,9,9
11,audiomotor,1732,1314,0.47194,3.9508,228,-418,418
11,audiomotor,2090,1787,0.63012,5.214,86,-303,303
11,audiomotor,3737,2922,0.87029,6.6339,234,-815,815
11,audiomotor,4129,2827,1.062,6.8177,125,-1302,1302
11,audiomotor,4131,2859,1.0561,6.5261,127,-1272,1272
11,audiomotor,1274,1549,0.2592,2.0126,270,275,275
11,audiomotor,3120,2091,0.8097,6.045,116,-1029,1029
11,audiomotor,3597,2708,0.98085,9.0363,93,-889,889
11,audiomotor,2209,1638,0.57056,3.9488,206,-571,571
11,audiomotor,2791,2347,0.65606,4.4088,287,-444,444
11,audiomotor,2651,2267,0.78194,5.0406,148,-384,384
11,audiomotor,3086,2727,0.67348,4.9032,83,-359,359
11,motor,2373,2034,0.68053,3.858,368,-339,339
11,motor,4153,2485,1.0535,5.8214,149,-1668,1668
11,motor,1206,1181,0.25346,2.0766,202,-25,25
11,motor,1223,843,0.18382,1.4321,220,-380,380
11,motor,1684,1599,0.41219,3.1978,180,-85,85
11,motor,2090,1705,0.48242,3.1092,86,-385,385
11,motor,2780,1901,0.81363,5.1868,276,-879,879
11,motor,3151,2612,0.77029,4.6013,147,-539,539
11,motor,3609,2576,0.88921,5.5385,105,-1033,1033
11,motor,3729,2091,0.79744,5.2923,224,-1638,1638
11,motor,4142,2442,1.0211,5.7174,138,-1700,1700
11,motor,2783,2019,0.63669,4.1741,280,-764,764
11,motor,3193,2067,0.82419,5.2755,188,-1126,1126
11,auditory,3500,3029,0.0010543,2.31,0,-471,471
11,auditory,4000,3827,0.0015585,1.513,0,-173,173
11,auditory,2000,1762,0.0019224,4.6128,0,-238,238
11,auditory,2500,2167,0.0011914,1.4475,0,-333,333
11,auditory,2500,2372,0.0012008,2.726,0,-128,128
11,auditory,3000,2424,0.0022067,5.7568,0,-576,576
11,auditory,4000,3656,0.0012159,3.4347,0,-344,344
11,auditory,1000,1137,0.00084547,0.68644,0,137,137
11,auditory,1000,1439,0.00039743,0.3156,0,439,439
11,auditory,1500,2202,0.00072908,3.6932,0,702,702
11,auditory,3000,3159,0.00086009,2.1946,0,159,159
11,auditory,3500,3187,0.0013019,1.4344,0,-313,313
11,auditory,1500,1855,0.00063279,1.344,0,355,355
11,auditory,2000,2110,0.00057228,2.6593,0,110,110
12,motor,1680,2312,0.36139,2.0524,176,632,632
12,motor,3340,3451,0.85783,4.4118,337,111,111
12,motor,3807,3532,1.1374,12.36,304,-275,275
12,motor,1784,1710,0.33107,1.8784,280,-74,74
12,motor,2230,2617,0.5145,3.0779,226,387,387
12,motor,3848,3462,1.0361,5.6222,345,-386,386
12,motor,4475,3279,1.1542,6.044,471,-1196,1196
12,motor,2985,3221,0.77357,3.764,482,236,236
12,motor,3164,3254,0.82227,4.3527,160,90,90
12,motor,2220,2604,0.50559,2.8693,216,384,384
12,motor,2945,3643,0.69395,3.2696,441,698,698
12,motor,4295,4093,1.1959,5.5048,292,-202,202
12,motor,1551,1829,0.22148,1.1809,547,278,278
12,auditory,3000,4791,0.00053718,2.4825,0,1791,1791
12,auditory,3500,4654,0.00060871,1.3755,0,1154,1154
12,auditory,4000,4583,0.0012884,10.136,0,583,583
12,auditory,1000,1661,0.00024668,0.73612,0,661,661
12,auditory,2500,3816,0.00043023,1.9677,0,1316,1316
12,auditory,3000,4336,0.00061424,4.2008,0,1336,1336
12,auditory,1500,1872,0.00040102,1.7839,0,372,372
12,auditory,2000,2220,0.00075813,4.2378,0,220,220
12,auditory,1000,1828,0.00039393,2.3637,0,828,828
12,auditory,1500,2524,0.00040379,3.1559,0,1024,1024
12,auditory,2000,3065,0.00054332,4.3955,0,1065,1065
12,auditory,2500,3662,0.00076935,4.3079,0,1162,1162
12,auditory,3500,5270,0.0010765,10.598,0,1770,1770
12,auditory,4000,5162,0.00091252,13.253,0,1162,1162
12,audiomotor,4201,5502,1.0376,6.8293,197,1301,1301
12,audiomotor,1207,2179,0.1488,0.89066,202,972,972
12,audiomotor,1362,2474,0.24006,1.4129,357,1112,1112
12,audiomotor,1715,2962,0.38948,1.8405,212,1247,1247
12,audiomotor,1656,2847,0.67419,12.79,152,1191,1191
12,audiomotor,2173,2731,0.42941,2.1701,168,558,558
12,audiomotor,2767,3598,0.73742,6.4009,264,831,831
12,audiomotor,3407,4259,0.70874,3.432,403,852,852
12,audiomotor,3193,3394,0.63293,3.0244,188,201,201
12,audiomotor,3812,4626,0.83935,3.7886,309,814,814
12,audiomotor,2237,3439,0.43741,1.941,234,1202,1202
12,audiomotor,2753,3836,0.57808,2.163,250,1083,1083
12,audiomotor,3823,4536,0.85962,4.0927,319,713,713
12,audiomotor,4201,4846,1.0092,4.3742,198,645,645
12,auditory,2000,2960,0.00077707,1.7185,0,960,960
12,auditory,2500,3431,0.0005284,1.1913,0,931,931
12,auditory,4000,4217,0.0010788,6.2603,0,217,217
12,auditory,1000,1870,0.00034453,1.6834,0,870,870
12,auditory,3000,3207,0.00044677,4.1563,0,207,207
12,auditory,3500,3771,0.00093062,6.3881,0,271,271
12,auditory,1500,3066,0.00022491,0.89687,0,1566,1566
12,auditory,2000,3405,0.00071674,4.0366,0,1405,1405
12,auditory,1000,1361,0.00024497,1.2966,0,361,361
12,auditory,1500,2495,0.0006367,2.0337,0,995,995
12,auditory,3500,4540,0.0011748,6.8243,0,1040,1040
12,auditory,4000,4872,0.0011224,9.4508,0,872,872
12,auditory,2500,3724,0.0007593,3.2965,0,1224,1224
12,auditory,3000,3314,0.00092338,6.923,0,314,314
12,motor,3251,6338,0.94517,5.6217,247,3087,3087
12,motor,3278,3680,0.90454,4.6046,273,402,402
12,motor,3566,2291,0.7075,2.8194,62,-1275,1275
12,motor,2234,2909,0.43374,1.908,229,675,675
12,motor,3974,3360,1.0757,5.5578,470,-614,614
12,motor,4423,3865,1.1868,6.5571,418,-558,558
12,motor,1243,2573,0.19637,1.1367,239,1330,1330
12,motor,1704,2860,0.33508,2.1307,201,1156,1156
12,audiomotor,2216,2708,0.38463,2.1975,212,492,492
12,audiomotor,2706,3511,0.70484,4.0113,202,805,805
12,audiomotor,4406,4588,1.2855,6.1935,401,182,182
12,audiomotor,1163,1673,0.20937,1.0909,159,510,510
12,audiomotor,3243,3599,0.80112,4.3451,239,356,356
12,audiomotor,3707,3685,0.78451,4.2974,203,-22,22
12,audiomotor,3751,4750,1.0563,5.1422,246,999,999
12,audiomotor,4240,3950,1.223,6.2889,235,-290,290
12,audiomotor,1069,3370,0.23619,1.2868,64,2301,2301
12,audiomotor,1881,2789,0.5305,2.1539,377,908,908
12,audiomotor,2585,3631,0.63113,3.2974,81,1046,1046
12,audiomotor,3263,3495,0.80142,3.651,259,232,232
12,audiomotor,1750,2047,0.40444,1.6483,246,297,297
12,audiomotor,2236,3483,0.53967,2.8018,232,1247,1247
12,auditory,2000,2849,0.00029794,0.73767,0,849,849
12,auditory,2500,3814,0.00078661,2.1759,0,1314,1314
12,auditory,1000,1999,0.00028721,0.86472,0,999,999
12,auditory,1500,2651,0.00034863,2.8037,0,1151,1151
12,auditory,4000,5455,0.00056841,1.5595,0,1455,1455
12,auditory,1000,2502,0.001069,4.5823,0,1502,1502
12,auditory,2500,3773,0.00073541,5.4695,0,1273,1273
12,auditory,3000,4272,0.00074145,6.1529,0,1272,1272
12,auditory,3500,6353,0.00045153,3.0825,0,2853,2853
12,auditory,4000,6227,0.0012607,9.7404,0,2227,2227
12,auditory,1500,4123,0.00023143,1.4584,0,2623,2623
12,auditory,2000,3297,0.00028007,2.0234,0,1297,1297
12,auditory,3000,4569,0.0003724,2.7731,0,1569,1569
12,auditory,3500,4774,0.0006311,4.0125,0,1274,1274
12,motor,1736,2548,0.39566,2.4216,231,812,812
12,motor,4357,3823,1.165,6.1912,352,-534,534
12,motor,1437,2638,0.27606,1.4329,434,1201,1201
12,motor,3301,2856,0.79406,4.3525,297,-445,445
12,motor,2874,3955,0.84593,3.8732,371,1081,1081
12,motor,2278,3716,0.69331,3.0449,274,1438,1438
12,audiomotor,2666,3260,0.68458,3.5051,161,594,594
12,audiomotor,3285,5049,1.1309,5.2854,281,1764,1764
12,audiomotor,3782,5680,1.3022,5.9591,278,1898,1898
12,audiomotor,4322,6094,1.2792,6.1541,318,1772,1772
12,audiomotor,2117,2593,0.56154,2.8201,113,476,476
12,audiomotor,2765,4257,0.80405,3.3458,261,1492,1492
12,audiomotor,4427,5167,1.2008,6.7394,423,740,740
12,audiomotor,1336,2487,0.28307,1.1901,333,1151,1151
12,audiomotor,3103,4261,1.0792,5.3248,99,1158,1158
12,audiomotor,3685,4263,1.1356,5.7991,181,578,578
12,audiomotor,1751,2626,0.44251,2.0153,246,875,875
12,audiomotor,2285,2472,0.5661,2.4947,281,187,187
12,audiomotor,1175,2117,0.23807,1.3084,171,942,942
12,audiomotor,1921,2864,0.44938,2.7306,417,943,943
12,auditory,1500,2667,0.00058786,1.6875,0,1167,1167
12,auditory,2000,3361,0.00034539,2.1298,0,1361,1361
12,auditory,4000,5049,0.0010361,3.1519,0,1049,1049
12,auditory,1000,1732,0.00046751,0.75866,0,732,732
12,auditory,1000,2208,0.00027224,1.1209,0,1208,1208
12,auditory,1500,2808,0.00040974,0.99404,0,1308,1308
12,auditory,3500,4862,0.00070339,6.6738,0,1362,1362
12,auditory,4000,4641,0.0010113,4.2255,0,641,641
12,auditory,2500,3281,0.00091078,5.6298,0,781,781
12,auditory,3000,5159,0.00058368,8.059,0,2159,2159
12,auditory,2000,3245,0.00031685,1.2211,0,1245,1245
12,auditory,2500,3898,0.00053357,1.7487,0,1398,1398
12,auditory,3000,4434,0.0011733,8.6925,0,1434,1434
12,auditory,3500,4378,0.00046339,3.1944,0,878,878
12,audiomotor,3315,3982,0.93239,5.0911,311,667,667
12,audiomotor,3711,4953,1.1627,5.7793,208,1242,1242
12,audiomotor,1775,1999,0.45887,1.8285,271,224,224
12,audiomotor,2264,3504,0.64949,3.1056,260,1240,1240
12,audiomotor,4260,5214,1.2278,6.5446,257,954,954
12,audiomotor,1128,1925,0.24077,1.3096,125,797,797
12,audiomotor,2738,4603,0.78805,4.3052,233,1865,1865
12,audiomotor,3492,4729,0.97007,5.244,487,1237,1237
12,audiomotor,2272,3522,0.72463,3.5785,268,1250,1250
12,audiomotor,2845,3538,0.75665,3.616,342,693,693
12,audiomotor,3657,4256,1.1225,5.733,153,599,599
12,audiomotor,4137,4530,1.194,5.7157,134,393,393
12,audiomotor,1234,2008,0.23824,1.5469,229,774,774
12,motor,4329,111,1.1428,5.6215,326,-4218,4218
12,motor,1159,2428,0.322,1.7461,155,1269,1269
12,motor,3179,3986,1.0393,4.6176,175,807,807
12,motor,3669,3067,1.0816,5.3567,166,-602,602
12,motor,4043,2185,1.1761,5.6456,538,-1858,1858
12,motor,4129,3269,1.5969,7.938,125,-860,860
12,motor,1792,1502,0.34904,1.6313,287,-290,290
12,motor,2301,2227,0.56235,2.8111,297,-74,74
12,motor,2268,2029,0.69628,3.1773,265,-239,239
12,motor,2939,2180,0.83822,3.8079,434,-759,759
12,motor,2627,2820,0.78748,3.757,123,193,193
12,motor,3339,3245,1.1083,5.3152,335,-94,94
12,motor,1330,858,0.25665,1.3829,327,-472,472
12,auditory,3500,3697,0.00069415,1.8176,0,197,197
12,auditory,4000,4543,0.0008624,1.4229,0,543,543
12,auditory,1500,1784,0.00038785,1.1238,0,284,284
12,auditory,2000,2790,0.00032724,2.5005,0,790,790
12,auditory,1000,2475,0.0001841,0.42256,0,1475,1475
12,auditory,1500,2521,0.00043795,0.86944,0,1021,1021
12,auditory,4000,3564,0.00042532,4.03,0,-436,436
12,auditory,1000,2805,0.00029334,0.96829,0,1805,1805
12,auditory,2000,2870,0.00040671,0.60817,0,870,870
12,auditory,2500,4228,0.0004548,2.9682,0,1728,1728
12,auditory,2500,4015,0.00026257,1.6523,0,1515,1515
12,auditory,3000,4289,0.0006678,4.5571,0,1289,1289
12,auditory,3000,4459,0.00053163,3.7363,0,1459,1459
12,auditory,3500,4799,0.00035272,1.767,0,1299,1299
12,motor,2708,3038,0.68582,3.611,205,330,330
12,motor,3278,2917,0.99225,4.6849,273,-361,361
12,motor,2200,2211,0.61455,3.1946,196,11,11
12,motor,2757,2861,0.83916,3.9097,253,104,104
12,motor,4040,3834,1.1302,5.4796,536,-206,206
12,motor,4201,4056,1.2116,6.1546,197,-145,145
12,motor,1288,1147,0.25561,1.2461,284,-141,141
12,motor,1795,2539,0.4589,2.1783,290,744,744
12,motor,4157,3582,1.6296,9.0189,153,-575,575
12,motor,1329,1656,0.28688,1.3204,326,327,327
12,motor,2270,1931,0.79817,3.9833,266,-339,339
12,motor,3193,2638,1.1752,5.6897,189,-555,555
12,motor,3659,3147,1.5061,6.3742,154,-512,512
12,audiomotor,1734,2471,0.33585,1.369,230,737,737
12,audiomotor,2226,2659,0.52766,2.5757,222,433,433
12,audiomotor,3721,3890,1.0843,4.699,218,169,169
12,audiomotor,4382,4712,1.5472,8.8141,378,330,330
12,audiomotor,2776,3892,1.0018,4.4079,272,1116,1116
12,audiomotor,3289,3571,1.1742,6.0328,286,282,282
12,audiomotor,1208,1175,0.28302,1.4841,204,-33,33
12,audiomotor,1884,2346,0.50621,2.5562,381,462,462
12,audiomotor,3262,3774,1.0946,5.7465,259,512,512
12,audiomotor,3684,5359,1.2088,6.1938,180,1675,1675
12,audiomotor,4119,4878,1.3909,6.6185,115,759,759
12,audiomotor,1335,2018,0.36728,2.0362,330,683,683
12,audiomotor,2164,2781,0.78616,3.9548,160,617,617
12,audiomotor,2825,3269,0.90133,4.3811,320,444,444
13,motor,4159,2773,1.2831,3.8554,155,-1386,1386
13,motor,2179,1300,0.56041,1.6365,175,-879,879
13,motor,3676,3499,1.0835,3.3331,173,-177,177
13,motor,4151,2704,1.1915,3.6196,147,-1447,1447
13,motor,2216,1872,0.62503,1.7069,212,-344,344
13,motor,2681,1345,0.66246,2.7948,176,-1336,1336
13,motor,3129,3262,0.70413,1.9734,124,133,133
13,motor,3573,3300,0.72316,1.9629,69,-273,273
13,motor,1079,1066,0.28964,0.70888,75,-13,13
13,motor,1568,1695,0.34153,1.0907,63,127,127
13,audiomotor,4067,3473,1.0051,2.4018,63,-594,594
13,audiomotor,1202,1379,0.19801,0.92017,199,177,177
13,audiomotor,2201,2799,0.5368,1.4735,197,598,598
13,audiomotor,2638,2712,0.65602,2.2217,135,74,74
13,audiomotor,2676,3939,0.67265,2.1359,171,1263,1263
13,audiomotor,3198,2657,0.71783,2.1744,194,-541,541
13,audiomotor,3130,4007,0.71288,1.9062,126,877,877
13,audiomotor,3581,3363,0.75548,1.9252,76,-218,218
13,audiomotor,1670,1209,0.39264,1.5756,166,-461,461
13,audiomotor,2074,2640,0.44966,1.8773,71,566,566
13,audiomotor,1082,1623,0.27526,0.92619,78,541,541
13,audiomotor,1557,1825,0.33329,1.2136,52,268,268
13,audiomotor,3642,3285,0.71313,1.9772,137,-357,357
13,audiomotor,4178,3983,0.9394,2.3412,175,-195,195
13,auditory,1000,1416,0.00024533,0.58646,0,416,416
13,auditory,1500,2464,0.00030397,0.87979,0,964,964
13,auditory,3000,2868,0.00071397,1.4493,0,-132,132
13,auditory,3500,3441,0.00082995,1.5121,0,-59,59
13,auditory,4000,3597,0.0009271,2.9855,0,-403,403
13,auditory,1000,2057,0.00036864,0.86155,0,1057,1057
13,auditory,2500,2681,0.00049409,1.443,0,181,181
13,auditory,3000,2715,0.00069003,1.8256,0,-285,285
13,auditory,3500,3783,0.00094215,3.1303,0,283,283
13,auditory,4000,3995,0.0013134,1.943,0,-5,5
13,auditory,1500,2459,0.00030727,0.61748,0,959,959
13,auditory,2000,2747,0.00059406,1.215,0,747,747
13,auditory,2000,2816,0.00053786,0.49971,0,816,816
13,auditory,2500,2633,0.00076285,1.1889,0,133,133
13,audiomotor,3694,4071,1.0567,3.2783,191,377,377
13,audiomotor,4190,3963,1.1074,3.348,186,-227,227
13,audiomotor,4199,3916,1.1219,3.385,194,-283,283
13,audiomotor,1147,1845,0.19414,0.73266,143,698,698
13,audiomotor,1679,1873,0.30978,1.7729,175,194,194
13,audiomotor,2160,2646,0.55707,1.6611,156,486,486
13,audiomotor,2655,2841,0.71719,2.4452,151,186,186
13,audiomotor,3149,3139,0.84315,2.8677,145,-10,10
13,audiomotor,2086,2489,0.56666,2.0499,83,403,403
13,audiomotor,2664,3042,0.75664,2.6262,160,378,378
13,audiomotor,3138,3550,0.77096,2.4109,134,412,412
13,audiomotor,3576,3203,0.8464,2.7595,71,-373,373
13,audiomotor,1158,1542,0.30182,0.86649,155,384,384
13,audiomotor,1607,2214,0.43085,1.2645,104,607,607
13,motor,2082,2038,0.59696,2.4155,78,-44,44
13,motor,2708,2177,0.82104,2.7962,204,-531,531
13,motor,4169,3148,1.171,3.2715,165,-1021,1021
13,motor,1226,2284,0.2803,1.1629,223,1058,1058
13,motor,1664,2035,0.4075,1.482,160,371,371
13,motor,2169,1999,0.6325,1.7809,166,-170,170
13,motor,3682,3299,0.91866,2.5663,179,-383,383
13,motor,4192,4096,1.092,3.2329,187,-96,96
13,motor,2704,2893,0.71642,2.3629,200,189,189
13,motor,3174,3233,1.0223,3.7463,169,59,59
13,motor,3169,2548,0.89126,2.97,164,-621,621
13,motor,3604,3644,1.2293,3.5721,101,40,40
13,motor,1135,2096,0.2634,1.3004,131,961,961
13,motor,1673,1895,0.33277,2.138,169,222,222
13,auditory,2000,2267,0.00040028,0.9529,0,267,267
13,auditory,2500,2738,0.00073359,1.8713,0,238,238
13,auditory,3000,3515,0.00088728,1.1304,0,515,515
13,auditory,3500,4312,0.0010454,4.4898,0,812,812
13,auditory,1000,2002,0.00031006,1.2704,0,1002,1002
13,auditory,1500,2588,0.00033246,0.51291,0,1088,1088
13,auditory,1500,2146,0.00051881,0.6562,0,646,646
13,auditory,2000,2126,0.0011689,1.9367,0,126,126
13,auditory,3500,4579,0.0016933,3.1426,0,1079,1079
13,auditory,4000,5395,0.0014561,1.4609,0,1395,1395
13,auditory,4000,4935,0.00086125,1.5654,0,935,935
13,auditory,1000,2148,0.00046386,0.55095,0,1148,1148
13,auditory,2500,3357,0.00087149,0.59755,0,857,857
13,auditory,3000,3923,0.00094502,0.65383,0,923,923
13,audiomotor,1674,3375,0.41554,2.4186,169,1701,1701
13,audiomotor,3219,4590,1.106,3.4408,215,1371,1371
13,audiomotor,3682,4438,1.0871,2.9872,177,756,756
13,audiomotor,4173,4406,1.1177,3.5325,169,233,233
13,audiomotor,1207,2685,0.24323,1.254,202,1478,1478
13,audiomotor,1601,2944,0.36389,1.5684,98,1343,1343
13,audiomotor,2161,3610,0.53877,1.7805,158,1449,1449
13,audiomotor,2684,3311,0.71625,2.9514,180,627,627
13,audiomotor,3148,3898,0.79638,2.2522,144,750,750
13,audiomotor,2077,2641,0.49327,1.5112,73,564,564
13,audiomotor,2620,3771,0.66979,2.1979,116,1151,1151
13,audiomotor,3665,3643,1.025,3.179,161,-22,22
13,audiomotor,4117,4540,1.3029,3.4368,112,423,423
13,motor,2698,2385,0.85729,3.093,195,-313,313
13,motor,3258,3129,1.0087,3.6228,254,-129,129
13,motor,1620,2045,0.36248,1.9502,116,425,425
13,motor,2152,2832,0.53903,2.2936,149,680,680
13,motor,4142,3386,1.3432,4.2064,137,-756,756
13,motor,1259,2348,0.27329,1.2927,254,1089,1089
13,motor,1169,2126,0.31557,1.2587,164,957,957
13,motor,1586,2333,0.39836,1.7642,83,747,747
13,motor,3657,2934,0.8918,3.0064,153,-723,723
13,motor,4104,3362,0.99313,2.7449,100,-742,742
13,motor,3190,2784,0.80989,2.5528,186,-406,406
13,motor,3679,3388,1.0435,3.0313,175,-291,291
13,motor,2147,2461,0.54726,1.6008,143,314,314
13,motor,2645,2502,0.70568,2.3735,142,-143,143
13,auditory,2000,1963,0.00028005,0.81154,0,-37,37
13,auditory,2500,2542,0.0006922,2.2211,0,42,42
13,auditory,1500,2213,0.00026348,2.1994,0,713,713
13,auditory,2000,2457,0.00068075,0.97877,0,457,457
13,auditory,3000,3166,0.00052764,2.3042,0,166,166
13,auditory,3500,3149,0.000685,2.1375,0,-351,351
13,auditory,1000,1987,0.00025358,0.35078,0,987,987
13,auditory,1500,2187,0.00025501,1.056,0,687,687
13,auditory,4000,3216,0.00072178,2.1254,0,-784,784
13,auditory,1000,1904,0.00014567,0.19938,0,904,904
13,auditory,3500,3466,0.00070983,2.9164,0,-34,34
13,auditory,4000,3814,0.0011519,3.0443,0,-186,186
13,auditory,2500,3145,0.00059318,0.9252,0,645,645
13,auditory,3000,3605,0.00074397,2.7421,0,605,605
13,audiomotor,1666,2938,0.42997,1.0982,162,1272,1272
13,audiomotor,2147,2678,0.59209,1.9427,142,531,531
13,audiomotor,2138,3664,0.61303,1.9746,134,1526,1526
13,audiomotor,2670,3575,0.7734,2.5005,165,905,905
13,audiomotor,4182,4107,1.2629,4.1656,177,-75,75
13,audiomotor,1210,2410,0.21471,0.91258,206,1200,1200
13,audiomotor,3058,3942,0.724,2.1832,54,884,884
13,audiomotor,3653,3636,0.92747,2.4695,149,-17,17
13,audiomotor,2686,3873,0.62579,1.7327,181,1187,1187
13,audiomotor,3106,3594,0.7367,2.2045,103,488,488
13,audiomotor,3634,4997,0.90576,2.7065,130,1363,1363
13,audiomotor,4171,5204,1.1212,3.0775,168,1033,1033
13,audiomotor,1232,2393,0.22169,0.95395,228,1161,1161
13,audiomotor,1660,3717,0.35845,1.7591,156,2057,2057
13,auditory,1500,2430,0.00050241,1.508,0,930,930
13,auditory,2000,2690,0.00037822,0.49355,0,690,690
13,auditory,2500,2514,0.0010172,0.51692,0,14,14
13,auditory,3000,2852,0.00079388,2.9675,0,-148,148
13,auditory,3500,3183,0.00061126,1.9981,0,-317,317
13,auditory,4000,3509,0.00082904,1.5536,0,-491,491
13,auditory,3000,3476,0.00084247,3.2141,0,476,476
13,auditory,3500,3417,0.00054051,2.914,0,-83,83
13,auditory,2000,2434,0.00045123,0.46203,0,434,434
13,auditory,2500,3514,0.00047939,0.35507,0,1014,1014
13,auditory,4000,4241,0.00081173,1.3537,0,241,241
13,auditory,1000,2009,0.00026449,0.66106,0,1009,1009
13,auditory,1000,2066,0.00023317,0.42558,0,1066,1066
13,auditory,1500,2290,0.00032369,0.85565,0,790,790
13,motor,1595,2313,0.46232,2.0866,91,718,718
13,motor,2171,2707,0.55045,2.1513,167,536,536
13,motor,2754,3138,0.7567,3.022,250,384,384
13,motor,4181,4492,1.1511,3.2187,176,311,311
13,motor,1158,2514,0.20387,1.2782,153,1356,1356
13,motor,1666,2578,0.41719,2.1658,163,912,912
13,motor,2184,3764,0.6037,2.2837,180,1580,1580
13,motor,3067,3109,0.84307,2.6878,63,42,42
13,motor,3659,3618,1.0835,3.1097,155,-41,41
13,motor,2707,3290,0.82293,2.7303,202,583,583
13,motor,3120,3862,0.98437,3.2373,115,742,742
13,motor,3563,3490,0.8685,3.7955,59,-73,73
13,motor,4149,3564,1.201,3.6988,144,-585,585
13,audiomotor,2676,3420,0.86754,2.7912,173,744,744
13,audiomotor,3089,3635,0.92633,2.8711,86,546,546
13,audiomotor,2158,3102,0.53273,1.6354,153,944,944
13,audiomotor,2661,3848,0.68944,2.4946,157,1187,1187
13,audiomotor,4060,4302,1.2227,3.2551,56,242,242
13,audiomotor,1160,2395,0.18636,0.67467,156,1235,1235
13,audiomotor,3074,3954,0.84593,2.6038,70,880,880
13,audiomotor,3664,4210,1.0447,3.1104,160,546,546
13,audiomotor,1645,2380,0.37608,1.4203,141,735,735
13,audiomotor,2081,2021,0.53361,1.6122,78,-60,60
13,audiomotor,3691,4074,1.1625,3.4995,187,383,383
13,audiomotor,4183,3839,1.2458,3.8895,180,-344,344
13,audiomotor,1194,2094,0.26138,0.9736,190,900,900
13,audiomotor,1596,2656,0.44591,1.8027,91,1060,1060
13,motor,4174,3065,1.1382,2.9997,170,-1109,1109
13,motor,1096,1854,0.20136,1.0569,92,758,758
13,motor,1162,2055,0.23402,1.4665,158,893,893
13,motor,1665,2390,0.42021,1.458,161,725,725
13,motor,3182,3018,0.91253,3.244,177,-164,164
13,motor,3668,3495,1.0295,2.8794,164,-173,173
13,motor,2687,2716,0.7475,2.4021,182,29,29
13,motor,3126,3609,0.95115,3.6649,122,483,483
13,motor,1635,3138,0.3971,1.7034,131,1503,1503
13,motor,2150,2646,0.58291,2.0457,147,496,496
13,motor,2089,2828,0.65321,2.3217,85,739,739
13,motor,2645,2986,0.71992,2.3899,140,341,341
13,motor,3564,3268,0.8208,2.2657,61,-296,296
13,motor,4074,3756,1.0282,2.8172,70,-318,318
13,auditory,3000,2567,0.0007871,4.1651,0,-433,433
13,auditory,3500,3485,0.0011263,1.5691,0,-15,15
13,auditory,1000,2358,0.00019542,0.32271,0,1358,1358
13,auditory,1500,2934,0.0008018,0.79521,0,1434,1434
13,auditory,2000,2738,0.001025,1.0712,0,738,738
13,auditory,2500,2837,0.00088499,1.1752,0,337,337
13,auditory,2500,3398,0.00091833,1.6423,0,898,898
13,auditory,3000,3821,0.0015944,1.8311,0,821,821
13,auditory,4000,3820,0.00082928,2.3055,0,-180,180
13,auditory,1000,3485,0.00024177,0.21296,0,2485,2485
13,auditory,3500,3508,0.00056606,2.2608,0,8,8
13,auditory,4000,4032,0.0018602,0.92256,0,32,32
13,auditory,1500,2308,0.00037762,1.5558,0,808,808
13,auditory,2000,3004,0.00062174,1.3559,0,1004,1004
14,motor,1815,374,0.31086,0.99246,311,-1441,1441
14,motor,3247,2507,0.63791,2.1352,243,-740,740
14,motor,3880,2739,0.98555,3.0396,375,-1141,1141
14,motor,1867,1548,0.33607,1.1474,363,-319,319
14,motor,2095,1705,0.31652,1.4117,91,-390,390
14,motor,2213,1412,0.43337,2.2528,208,-801,801
14,motor,2861,2591,0.50403,2.2786,356,-270,270
14,motor,3587,1860,0.84576,3.242,83,-1727,1727
14,motor,4131,3236,1.1864,3.3606,127,-895,895
14,motor,4287,3260,1.1695,6.2751,283,-1027,1027
14,motor,1468,1520,0.18528,0.68625,465,52,52
14,motor,2579,2006,0.73735,1.9197,76,-573,573
14,motor,3232,2340,1.2776,8.4816,228,-892,892
14,auditory,4000,3911,0.0020907,1.3557,0,-89,89
14,auditory,1000,1414,0.0005074,1.441,0,414,414
14,auditory,2500,2435,0.000849,2.8185,0,-65,65
14,auditory,3000,2875,0.0012306,3.7596,0,-125,125
14,auditory,3500,3384,0.0012282,2.3794,0,-116,116
14,auditory,4000,3389,0.0012651,4.4302,0,-611,611
14,auditory,3000,2596,0.00065449,1.6003,0,-404,404
14,auditory,3500,2981,0.00080205,2.5417,0,-519,519
14,auditory,2000,2103,0.00053232,2.3592,0,103,103
14,auditory,2500,3330,0.00047178,0.95969,0,830,830
14,auditory,1000,1171,0.00028598,0.48178,0,171,171
14,auditory,1500,1606,0.00048363,0.27748,0,106,106
14,auditory,1500,1201,0.00042287,1.2603,0,-299,299
14,auditory,2000,1934,0.0016815,1.6612,0,-66,66
14,audiomotor,1339,1601,0.22423,1.4517,335,262,262
14,audiomotor,1726,1997,0.52665,1.9285,221,271,271
14,audiomotor,2633,1978,0.65703,2.6623,128,-655,655
14,audiomotor,3108,2528,0.79337,3.441,104,-580,580
14,audiomotor,3515,3246,0.45411,4.4215,11,-269,269
14,audiomotor,4210,2373,0.84035,2.5101,206,-1837,1837
14,audiomotor,2323,2065,0.41796,1.8064,320,-258,258
14,audiomotor,2506,2720,0.62499,3.1866,2,214,214
14,audiomotor,4210,4104,0.58003,14.342,207,-106,106
14,audiomotor,1124,1166,0.12559,0.81258,120,42,42
14,audiomotor,3089,2348,0.3504,0.76731,85,-741,741
14,audiomotor,3622,3319,0.85791,2.4318,118,-303,303
14,audiomotor,1661,1530,0.41546,1.7374,156,-131,131
14,audiomotor,2265,2433,0.40407,2.1456,260,168,168
14,motor,3067,3795,0.64565,2.2612,64,728,728
14,motor,1452,1784,0.19431,0.69196,448,332,332
14,motor,1587,1331,0.21055,0.89477,84,-256,256
14,motor,3650,1851,1.0269,3.8339,145,-1799,1799
14,motor,4141,3332,0.85159,3.4358,136,-809,809
14,motor,3223,2218,0.5679,2.3989,219,-1005,1005
14,motor,3523,2266,0.7342,2.7683,19,-1257,1257
14,motor,4187,2846,0.66067,2.0266,183,-1341,1341
14,motor,1057,1899,0.12056,0.26173,54,842,842
14,motor,1550,1262,0.15849,0.32057,45,-288,288
14,motor,2298,2158,0.26993,1.4804,295,-140,140
14,motor,2281,1907,0.37536,2.6271,277,-374,374
14,motor,2618,2315,0.45409,1.6029,114,-303,303
14,audiomotor,3092,3600,0.67264,2.679,89,508,508
14,audiomotor,3740,3850,0.9649,3.0576,235,110,110
14,audiomotor,1264,1471,0.1353,0.75297,260,207,207
14,audiomotor,1685,2943,0.33801,2.814,181,1258,1258
14,audiomotor,2171,1937,0.38959,2.0634,167,-234,234
14,audiomotor,2714,1883,0.56508,2.8657,209,-831,831
14,audiomotor,3713,2752,1.3757,5.532,208,-961,961
14,audiomotor,4181,3047,1.1452,6.2412,177,-1134,1134
14,audiomotor,1848,1357,0.26171,1.7025,344,-491,491
14,audiomotor,2210,1706,0.61976,2.9464,205,-504,504
14,audiomotor,2650,3562,0.34912,2.7438,145,912,912
14,audiomotor,3253,2445,0.53308,7.356,248,-808,808
14,audiomotor,4348,3996,2.2712,13.382,345,-352,352
14,audiomotor,1244,1717,0.24814,2.3876,239,473,473
14,auditory,2000,2490,0.0010791,0.84038,0,490,490
14,auditory,2500,3041,0.00090878,2.4867,0,541,541
14,auditory,1000,1274,0.00028213,1.1869,0,274,274
14,auditory,1500,1686,0.00068559,1.7288,0,186,186
14,auditory,2500,2253,0.0010085,4.7159,0,-247,247
14,auditory,3000,2347,0.0011961,9.1874,0,-653,653
14,auditory,4000,4031,0.0011718,5.3723,0,31,31
14,auditory,1000,1428,0.00041602,2.4569,0,428,428
14,auditory,3500,3811,0.0026823,3.0242,0,311,311
14,auditory,4000,3780,0.0018786,1.9127,0,-220,220
14,auditory,1500,1925,0.0050732,6.4042,0,425,425
14,auditory,2000,1938,0.0012142,5.4913,0,-62,62
14,auditory,3000,2614,0.00091015,2.5459,0,-386,386
14,auditory,3500,3567,0.0016488,3.5294,0,67,67
14,audiomotor,2592,3051,0.70703,3.0205,88,459,459
14,audiomotor,3258,2572,1.3133,7.3237,253,-686,686
14,audiomotor,2164,2592,0.59186,2.1521,160,428,428
14,audiomotor,2635,2165,0.64271,2.5906,130,-470,470
14,audiomotor,4217,3511,1.0834,6.1408,214,-706,706
14,audiomotor,1283,1186,0.19811,1.3876,280,-97,97
14,audiomotor,3563,2530,0.48157,1.6295,560,-1033,1033
14,audiomotor,3716,2921,0.95756,3.7582,212,-795,795
14,audiomotor,1334,1945,0.17329,1.2919,331,611,611
14,audiomotor,1633,1745,0.32471,1.3439,129,112,112
14,audiomotor,4094,3781,1.2524,6.0508,91,-313,313
14,audiomotor,1726,820,0.34034,5.3708,223,-906,906
14,audiomotor,2331,2404,0.48196,5.8299,326,73,73
14,motor,1311,1667,0.31211,1.9895,306,356,356
14,motor,1718,1824,0.43719,5.1103,213,106,106
14,motor,2317,2311,0.4326,2.2828,313,-6,6
14,motor,2753,3113,0.53687,3.4771,250,360,360
14,motor,4316,3993,1.1849,12.246,313,-323,323
14,motor,1360,2575,0.18967,2.577,356,1215,1215
14,motor,3701,3959,0.66742,3.0561,196,258,258
14,motor,4162,4822,1.05,3.6716,158,660,660
14,motor,2702,2585,0.69307,1.9381,197,-117,117
14,motor,3310,4831,0.6634,8.2688,306,1521,1521
14,motor,1629,2726,0.39018,3.2363,126,1097,1097
14,motor,2165,2311,0.44851,3.5349,161,146,146
14,motor,3382,3561,1.0119,14.004,377,179,179
14,motor,3652,4060,1.3298,11.964,148,408,408
14,auditory,2500,2152,0.0030727,1.1315,0,-348,348
14,auditory,3000,3000,0.0015378,2.5859,0,0,0
14,auditory,3500,5196,0.001778,1.5284,0,1696,1696
14,auditory,4000,5031,0.0030269,6.1241,0,1031,1031
14,auditory,3000,4237,0.0010601,2.1771,0,1237,1237
14,auditory,3500,4843,0.0010256,2.6426,0,1343,1343
14,auditory,1500,1921,0.00092554,0.77093,0,421,421
14,auditory,2000,3176,0.0016877,1.7879,0,1176,1176
14,auditory,4000,5230,0.0018978,1.9955,0,1230,1230
14,auditory,1000,1156,0.00054765,1.3989,0,156,156
14,auditory,1000,1649,0.0005939,1.3551,0,649,649
14,auditory,1500,1986,0.00080438,2.3481,0,486,486
14,auditory,2000,2766,0.0013625,0.91971,0,766,766
14,auditory,2500,2679,0.0012113,2.5707,0,179,179
14,motor,1875,2083,0.39504,2.6345,371,208,208
14,motor,2246,3805,0.64832,7.8005,242,1559,1559
14,motor,2887,4771,0.92641,4.2336,383,1884,1884
14,motor,3723,4219,1.231,24.648,219,496,496
14,motor,2528,4394,0.76228,8.6074,524,1866,1866
14,motor,2713,3574,1.0499,4.2563,209,861,861
14,motor,4279,4270,1.6668,10.282,275,-9,9
14,motor,1254,2563,0.24862,2.3488,250,1309,1309
14,motor,4362,3672,1.7643,8.8229,358,-690,690
14,motor,1438,2798,0.33931,2.1611,434,1360,1360
14,motor,1810,2799,0.67121,2.9896,307,989,989
14,auditory,4000,4372,0.0012604,3.5812,0,372,372
14,auditory,1000,1927,0.00028253,0.69978,0,927,927
14,auditory,2500,3113,0.001154,6.0358,0,613,613
14,auditory,3000,2907,0.0014984,7.9409,0,-93,93
14,auditory,2000,2023,0.0004773,0.84172,0,23,23
14,auditory,2500,2529,0.00097151,0.66889,0,29,29
14,auditory,3500,3044,0.0018026,5.8167,0,-456,456
14,auditory,4000,2841,0.0012012,6.3037,0,-1159,1159
14,auditory,3000,3162,0.0012207,4.1486,0,162,162
14,auditory,3500,3426,0.0025093,3.9118,0,-74,74
14,auditory,1000,213,0.00093001,0.55179,0,-787,787
14,auditory,1500,1357,0.00036087,2.5727,0,-143,143
14,auditory,1500,1675,0.00076347,3.2577,0,175,175
14,auditory,2000,2133,0.00059901,3.3346,0,133,133
14,audiomotor,3590,2613,0.7927,3.1829,87,-977,977
14,audiomotor,4189,2781,0.97543,6.9139,184,-1408,1408
14,audiomotor,4222,3016,0.87076,3.7753,219,-1206,1206
14,audiomotor,1020,1683,0.058358,0.29543,17,663,663
14,audiomotor,2290,2785,0.79039,3.9944,285,495,495
14,audiomotor,2707,2400,0.69709,2.9346,203,-307,307
14,audiomotor,2591,2928,0.47115,3.5869,87,337,337
14,audiomotor,3199,2873,0.55126,5.0494,195,-326,326
14,audiomotor,3219,3003,0.65807,4.0724,215,-216,216
14,audiomotor,3711,3299,0.69225,4.0019,208,-412,412
14,audiomotor,1945,2549,0.48775,3.177,442,604,604
14,audiomotor,2189,2184,0.33829,1.1405,186,-5,5
14,audiomotor,1186,1675,0.28068,1.5771,183,489,489
14,audiomotor,1760,1816,0.41558,1.0767,256,56,56
14,auditory,3500,3030,0.0013511,1.7233,0,-470,470
14,auditory,4000,4330,0.0015387,3.1082,0,330,330
14,auditory,1500,2131,0.00043096,1.3972,0,631,631
14,auditory,2000,3036,0.00053751,2.2226,0,1036,1036
14,auditory,4000,3268,0.0014997,4.0064,0,-732,732
14,auditory,1000,1959,0.00051091,1.2108,0,959,959
14,auditory,3000,3103,0.001252,3.1111,0,103,103
14,auditory,3500,3843,0.0010231,1.8371,0,343,343
14,auditory,2500,3286,0.00095519,2.513,0,786,786
14,auditory,3000,3470,0.0016962,3.826,0,470,470
14,auditory,1000,1500,0.00021442,0.44128,0,500,500
14,auditory,1500,1580,0.00080639,0.76366,0,80,80
14,auditory,2000,2260,0.00093414,1.556,0,260,260
14,auditory,2500,3361,0.0007654,0.71578,0,861,861
14,motor,2308,2551,0.69942,4.8463,304,243,243
14,motor,2733,3367,0.8417,7.6287,229,634,634
14,motor,3258,2980,1.2351,14.275,254,-278,278
14,motor,3863,3117,1.7467,7.9055,359,-746,746
14,motor,4107,3883,1.3854,7.3449,103,-224,224
14,motor,1342,1770,0.25275,0.87498,338,428,428
14,motor,1268,1890,0.18009,1.4681,264,622,622
14,motor,1754,1308,0.51135,2.6855,249,-446,446
14,motor,3021,2970,1.731,17.445,517,-51,51
14,motor,3196,2134,0.94979,4.6635,191,-1062,1062
14,motor,3761,4280,1.1172,9.5989,256,519,519
14,motor,4424,3989,0.89775,9.4711,419,-435,435
14,motor,1817,2726,0.38848,2.8157,313,909,909
14,motor,2326,3424,0.525,6.1917,323,1098,1098
14,audiomotor,1204,1522,0.13851,0.86623,201,318,318
14,audiomotor,1894,3139,0.4358,3.9603,390,1245,1245
14,audiomotor,2271,2811,0.73997,5.4116,267,540,540
14,audiomotor,2747,2548,1.3143,7.5182,242,-199,199
14,audiomotor,3788,4755,0.86391,17.714,284,967,967
14,audiomotor,4207,4428,1.8807,13.774,203,221,221
14,audiomotor,1893,2257,0.42915,2.4279,388,364,364
14,audiomotor,2295,3211,0.93202,4.9527,291,916,916
14,audiomotor,3584,4453,2.0829,12.381,580,869,869
14,audiomotor,3745,3824,0.89097,5.4695,241,79,79
14,audiomotor,4128,4392,1.1067,6.9119,125,264,264
14,audiomotor,1272,2894,0.37246,2.6087,268,1622,1622
14,audiomotor,2715,2521,1.1006,5.7664,210,-194,194
14,audiomotor,3161,3420,1.0306,3.649,158,259,259
15,auditory,2000,2041,0.00080955,1.2815,0,41,41
15,auditory,2500,2486,0.00073663,2.428,0,-14,14
15,auditory,2500,10,0.00072686,2.0548,0,-2490,2490
15,auditory,3000,3441,0.000874,0.46217,0,441,441
15,auditory,1000,972,0.00027926,0.50457,0,-28,28
15,auditory,1500,1233,0.00037444,1.1994,0,-267,267
15,auditory,1500,1389,0.00044871,0.70064,0,-111,111
15,auditory,2000,1969,0.00059284,1.6678,0,-31,31
15,auditory,4000,3881,0.0012799,4.7675,0,-119,119
15,auditory,1000,1328,0.00031887,1.8665,0,328,328
15,auditory,3500,3563,0.001429,5.1619,0,63,63
15,auditory,4000,4761,0.0012829,1.7119,0,761,761
15,auditory,3000,3465,0.00067196,3.0123,0,465,465
15,auditory,3500,4228,0.00078112,4.135,0,728,728
15,audiomotor,3541,2400,0.35078,0.6406,36,-1141,1141
15,audiomotor,4022,2712,0.45062,1.0064,18,-1310,1310
15,audiomotor,1185,866,0.13837,0.28297,180,-319,319
15,audiomotor,1555,1295,0.22474,0.38055,50,-260,260
15,audiomotor,1560,1509,0.19209,0.51102,56,-51,51
15,audiomotor,2245,1956,0.61481,2.1996,241,-289,289
15,audiomotor,2706,1988,0.55956,3.1215,203,-718,718
15,audiomotor,3116,2885,0.72043,2.1352,111,-231,231
15,audiomotor,3143,2843,0.59854,1.7848,138,-300,300
15,audiomotor,3654,2994,0.51934,1.2526,151,-660,660
15,audiomotor,4213,4535,0.75182,1.9244,208,322,322
15,audiomotor,1130,1318,0.13563,0.31348,126,188,188
15,audiomotor,2328,1711,0.33469,0.75352,324,-617,617
15,audiomotor,2578,2234,0.44687,1.1434,74,-344,344
15,motor,2675,2286,0.45304,1.1134,170,-389,389
15,motor,3057,2130,0.42978,1.2068,53,-927,927
15,motor,1136,1409,0.14418,0.3926,133,273,273
15,motor,1524,1492,0.16686,0.51346,21,-32,32
15,motor,3098,2364,0.46184,1.0259,93,-734,734
15,motor,3671,3256,0.64861,1.4149,167,-415,415
15,motor,4157,3577,0.70427,1.5819,153,-580,580
15,motor,1048,1473,0.14083,0.4242,44,425,425
15,motor,1545,1447,0.22724,0.65505,40,-98,98
15,motor,2059,1592,0.31557,0.71722,55,-467,467
15,motor,2294,2069,0.30058,0.70633,291,-225,225
15,motor,2680,2290,0.30938,0.67187,177,-390,390
15,motor,3572,2312,1.0154,5.4221,68,-1260,1260
15,auditory,2000,2087,0.00057258,1.3033,0,87,87
15,auditory,2500,2360,0.00092238,3.6492,0,-140,140
15,auditory,2500,2983,0.0017592,2.8025,0,483,483
15,auditory,3000,2958,0.00089542,3.3766,0,-42,42
15,auditory,4000,3150,0.00090721,7.4142,0,-850,850
15,auditory,1000,1195,0.00055872,2.9811,0,195,195
15,auditory,1000,1108,0.00075527,0.26371,0,108,108
15,auditory,1500,1785,0.0011551,2.9872,0,285,285
15,auditory,3500,3419,0.0011184,9.1275,0,-81,81
15,auditory,4000,4385,0.0016712,7.463,0,385,385
15,auditory,3000,3386,0.00095227,1.5607,0,386,386
15,auditory,3500,3887,0.0010562,8.4497,0,387,387
15,auditory,1500,2833,0.00029974,1.2446,0,1333,1333
15,auditory,2000,2066,0.00070243,2.0013,0,66,66
15,audiomotor,2140,2144,0.36484,1.0537,136,4,4
15,audiomotor,2515,2388,0.19027,0.47817,10,-127,127
15,audiomotor,3032,2415,0.21317,0.61129,27,-617,617
15,audiomotor,3544,3091,0.42734,0.95929,40,-453,453
15,audiomotor,1527,2148,0.1591,0.38014,24,621,621
15,audiomotor,2028,2023,0.2009,0.47816,23,-5,5
15,audiomotor,1074,2044,0.16532,0.40591,69,970,970
15,audiomotor,1516,1427,0.18141,0.74897,13,-89,89
15,audiomotor,4096,3980,0.53464,1.5209,92,-116,116
15,audiomotor,1010,1868,0.27206,2.7126,6,858,858
15,audiomotor,3666,3318,0.6599,1.7844,162,-348,348
15,audiomotor,4271,4100,1.1272,6.8928,267,-171,171
15,audiomotor,2665,3029,0.59763,3.6388,161,364,364
15,audiomotor,3219,2784,1.0779,8.4714,214,-435,435
15,motor,4337,4085,0.95718,2.4256,333,-252,252
15,motor,1118,1363,0.11791,0.17243,115,245,245
15,motor,2058,2088,0.3186,0.70823,54,30,30
15,motor,2509,2287,0.26688,0.52893,6,-222,222
15,motor,1025,2066,0.065292,0.187,22,1041,1041
15,motor,1553,1640,0.31212,0.48231,50,87,87
15,motor,1544,2756,0.23955,0.38074,41,1212,1212
15,motor,2148,1837,0.34991,0.96226,144,-311,311
15,motor,3259,3067,0.62051,1.9743,254,-192,192
15,motor,3515,3435,0.34333,0.68755,10,-80,80
15,motor,4118,3035,0.9021,4.4361,115,-1083,1083
15,motor,3060,2101,0.39799,0.81981,55,-959,959
15,motor,3619,2581,0.66902,4.5464,116,-1038,1038
15,audiomotor,1120,1364,0.086927,0.25105,115,244,244
15,audiomotor,1639,1909,0.26405,0.65969,135,270,270
15,audiomotor,4182,2616,0.58642,1.5188,177,-1566,1566
15,audiomotor,1046,1611,0.11002,0.33548,42,565,565
15,audiomotor,1524,2398,0.13647,0.34025,19,874,874
15,audiomotor,2273,1946,0.30249,0.72506,269,-327,327
15,audiomotor,3437,3856,0.68762,2.0916,433,419,419
15,audiomotor,3558,2369,0.53528,1.0984,55,-1189,1189
15,audiomotor,3557,3291,0.49569,1.2719,54,-266,266
15,audiomotor,4061,2661,0.59545,1.4169,56,-1400,1400
15,audiomotor,2587,2795,0.37362,0.82919,83,208,208
15,audiomotor,3189,2418,0.61366,1.2025,185,-771,771
15,audiomotor,2010,1920,0.17673,0.30425,5,-90,90
15,audiomotor,2750,1967,0.40493,1.1238,246,-783,783
15,motor,4307,2683,0.72319,2.8316,302,-1624,1624
15,motor,1043,1971,0.19373,0.45861,39,928,928
15,motor,3594,2999,0.52516,1.7273,90,-595,595
15,motor,4197,3120,0.64197,2.142,193,-1077,1077
15,motor,3792,3001,0.89125,3.0744,287,-791,791
15,motor,2540,2446,0.29436,0.73822,36,-94,94
15,motor,3130,1792,0.90733,11.287,126,-1338,1338
15,motor,1037,1558,0.13146,0.53652,33,521,521
15,motor,1653,1332,0.22649,0.64928,149,-321,321
15,motor,2146,1814,0.3599,0.83079,142,-332,332
15,motor,2605,1841,0.2716,0.50212,102,-764,764
15,motor,1672,1756,0.23896,0.67244,167,84,84
15,motor,2148,2064,0.29278,0.903,144,-84,84
15,auditory,2500,2639,0.0014081,2.7886,0,139,139
15,auditory,3000,2848,0.0010438,6.4924,0,-152,152
15,auditory,3500,3035,0.0046036,3.2205,0,-465,465
15,auditory,4000,3745,0.0018807,10.049,0,-255,255
15,auditory,3000,3322,0.00085633,6.1963,0,322,322
15,auditory,3500,3117,0.00096188,13.32,0,-383,383
15,auditory,1000,1348,0.0009984,0.88549,0,348,348
15,auditory,1500,1300,0.00039495,2.4774,0,-200,200
15,auditory,4000,3998,0.0012227,11.695,0,-2,2
15,auditory,1000,1267,0.00065268,1.491,0,267,267
15,auditory,1500,1975,0.00031514,3.1183,0,475,475
15,auditory,2000,2186,0.00071509,2.6355,0,186,186
15,auditory,2000,2427,0.00061483,3.0584,0,427,427
15,auditory,2500,2705,0.00079613,4.4672,0,205,205
15,motor,1578,1533,0.2035,0.5748,75,-45,45
15,motor,2218,1953,0.40006,1.5659,214,-265,265
15,motor,2698,2371,0.39369,1.3669,194,-327,327
15,motor,3123,2962,0.64668,1.9406,118,-161,161
15,motor,4127,3142,0.6775,1.5751,123,-985,985
15,motor,1107,1259,0.14844,0.38781,103,152,152
15,motor,3662,2652,0.79037,2.5093,159,-1010,1010
15,motor,2042,2301,0.22628,0.63894,38,259,259
15,motor,2728,2311,0.56122,1.4324,224,-417,417
15,motor,3621,3438,0.66914,2.022,118,-183,183
15,motor,4169,2781,0.71988,1.7765,165,-1388,1388
15,motor,1197,1583,0.19953,0.46613,192,386,386
15,motor,1573,2165,0.87009,5.8287,69,592,592
15,audiomotor,2589,2550,0.35822,0.77272,85,-39,39
15,audiomotor,3179,2861,0.57699,1.3391,175,-318,318
15,audiomotor,1675,2538,0.45768,3.4157,170,863,863
15,audiomotor,2088,2262,0.35695,0.99532,84,174,174
15,audiomotor,2127,1840,0.40347,1.0095,123,-287,287
15,audiomotor,2636,2704,0.47781,1.1606,132,68,68
15,audiomotor,3683,2442,0.60546,1.3114,179,-1241,1241
15,audiomotor,4171,3488,0.55137,1.3005,167,-683,683
15,audiomotor,4183,3553,0.74549,1.8326,180,-630,630
15,audiomotor,1014,1103,0.096201,0.26663,10,89,89
15,audiomotor,1348,1136,0.23574,1.8572,344,-212,212
15,audiomotor,1785,1118,0.33956,4.2331,281,-667,667
15,audiomotor,3349,1982,0.70806,8.6917,346,-1367,1367
15,audiomotor,3585,2827,1.0635,6.677,81,-758,758
15,auditory,4000,3286,0.00079728,4.9786,0,-714,714
15,auditory,1000,1398,0.00026256,0.45784,0,398,398
15,auditory,2000,1604,0.00044925,4.3253,0,-396,396
15,auditory,2500,2180,0.0016995,6.1827,0,-320,320
15,auditory,1500,1824,0.0004622,2.9735,0,324,324
15,auditory,2000,2406,0.00049369,4.1521,0,406,406
15,auditory,3000,3900,0.0012746,3.7694,0,900,900
15,auditory,3500,3947,0.00072469,6.6858,0,447,447
15,auditory,2500,2638,0.0025665,6.2327,0,138,138
15,auditory,3000,3907,0.0013661,6.327,0,907,907
15,auditory,1000,2481,0.00058198,2.3924,0,1481,1481
15,auditory,1500,2659,0.00085126,2.9761,0,1159,1159
15,auditory,3500,3577,0.0019505,10.558,0,77,77
15,audiomotor,1562,1975,0.25884,0.87275,57,413,413
15,audiomotor,2220,1889,0.30206,0.7338,217,-331,331
15,audiomotor,4196,3431,0.59161,1.4534,192,-765,765
15,audiomotor,1155,1564,0.17601,0.29713,152,409,409
15,audiomotor,1065,1317,0.14626,0.38707,60,252,252
15,audiomotor,1545,1326,0.20729,0.65857,40,-219,219
15,audiomotor,3671,2784,0.68765,1.6644,166,-887,887
15,audiomotor,4248,2695,0.52772,1.2469,243,-1553,1553
15,audiomotor,3147,2944,0.41368,1.0771,143,-203,203
15,audiomotor,3555,3388,0.46387,1.1967,51,-167,167
15,audiomotor,2073,2079,0.38223,0.93681,70,6,6
15,audiomotor,2730,2676,0.59879,1.9897,226,-54,54
15,audiomotor,2569,2553,0.25231,0.91114,64,-16,16
15,audiomotor,3246,2268,0.6061,1.081,242,-978,978
15,motor,1094,1328,0.22497,0.49964,90,234,234
15,motor,1640,1518,0.5116,2.2632,136,-122,122
15,motor,2526,1909,0.32881,0.81729,22,-617,617
15,motor,3068,2551,0.67222,1.6429,64,-517,517
15,motor,1560,1755,0.19567,0.45261,57,195,195
15,motor,2138,2160,0.32272,0.90952,134,22,22
15,motor,3546,2937,0.47159,1.0891,42,-609,609
15,motor,4292,3373,0.58181,1.44,289,-919,919
15,motor,2182,2102,0.34799,0.86701,177,-80,80
15,motor,2682,2996,0.62892,4.2488,178,314,314
15,motor,4352,4133,1.1261,8.0244,347,-219,219
15,motor,1156,1880,0.21183,0.64906,152,724,724
15,motor,3299,1715,1.0293,6.2128,296,-1584,1584
15,motor,3806,3462,1.0074,3.6995,302,-344,344
15,auditory,1500,2255,0.0012586,2.5147,0,755,755
15,auditory,2000,2314,0.00044405,2.9662,0,314,314
15,auditory,2500,2762,0.00061292,6.2936,0,262,262
15,auditory,3000,2479,0.0033241,14.367,0,-521,521
15,auditory,3000,3822,0.00109,9.5764,0,822,822
15,auditory,3500,3348,0.00079974,4.1674,0,-152,152
15,auditory,1000,1939,0.00076778,1.4232,0,939,939
15,auditory,1500,2147,0.0017131,1.4408,0,647,647
15,auditory,2000,2604,0.0028362,4.1825,0,604,604
15,auditory,2500,2741,0.0018252,2.7213,0,241,241
15,auditory,3500,3162,0.0038732,3.4358,0,-338,338
15,auditory,4000,3695,0.0047107,4.5249,0,-305,305
15,auditory,4000,3031,0.018507,5.609,0,-969,969
15,auditory,1000,2084,0.001874,1.9243,0,1084,1084
16,motor,2234,2266,0.53303,1.7923,231,32,32
16,motor,2803,2236,0.58857,1.8558,299,-567,567
16,motor,1268,1005,0.27472,0.98104,263,-263,263
16,motor,1635,1635,0.45576,1.5415,132,0,0
16,motor,4172,3719,0.99635,2.6692,169,-453,453
16,motor,3716,3657,1.1526,3.5453,212,-59,59
16,motor,4191,3554,0.96714,2.7339,188,-637,637
16,motor,3121,4085,0.63503,2.0404,117,964,964
16,motor,3623,3006,1.0945,2.8201,119,-617,617
16,motor,1677,1000,0.40396,1.3264,173,-677,677
16,motor,2284,1772,0.52608,1.6021,280,-512,512
16,motor,2619,2264,0.70489,1.814,115,-355,355
16,motor,3106,2996,0.66237,1.6979,102,-110,110
16,audiomotor,2120,2175,0.45367,1.1809,115,55,55
16,audiomotor,2546,2561,0.48139,1.3448,43,15,15
16,audiomotor,3719,3574,0.7194,1.7358,216,-145,145
16,audiomotor,4045,4882,0.80049,1.737,42,837,837
16,audiomotor,1212,1341,0.2058,0.42489,208,129,129
16,audiomotor,1555,1465,0.28296,0.69495,51,-90,90
16,audiomotor,2515,2373,0.48722,1.4457,10,-142,142
16,audiomotor,3068,2454,0.52068,1.2015,64,-614,614
16,audiomotor,4148,3764,0.83076,1.596,145,-384,384
16,audiomotor,1165,1156,0.22637,0.7317,161,-9,9
16,audiomotor,3113,2996,0.64945,1.7139,109,-117,117
16,audiomotor,3624,3071,0.62247,1.6655,120,-553,553
16,audiomotor,1582,2165,0.29635,0.84814,78,583,583
16,audiomotor,2125,2792,0.35621,0.89911,122,667,667
16,auditory,1000,1351,0.00024856,0.44559,0,351,351
16,auditory,1500,1973,0.00032271,0.45884,0,473,473
16,auditory,1500,2222,0.0003315,1.5188,0,722,722
16,auditory,2000,2799,0.00052326,1.2988,0,799,799
16,auditory,3000,4072,0.00039169,5.6476,0,1072,1072
16,auditory,3500,4163,0.00044568,4.0897,0,663,663
16,auditory,2000,2341,0.00062877,1.3669,0,341,341
16,auditory,2500,2573,0.00032494,1.1696,0,73,73
16,auditory,4000,4804,0.00083054,1.9296,0,804,804
16,auditory,1000,1154,0.00046503,1.4565,0,154,154
16,auditory,2500,3444,0.00034019,1.0842,0,944,944
16,auditory,3000,2252,0.00041444,2.6037,0,-748,748
16,auditory,3500,2959,0.0011744,0.91073,0,-541,541
16,auditory,4000,3793,0.0010064,1.6001,0,-207,207
16,audiomotor,1665,1781,0.32607,0.9724,161,116,116
16,audiomotor,2042,2264,0.33328,0.72241,39,222,222
16,audiomotor,2068,2648,0.38744,0.7878,63,580,580
16,audiomotor,2655,3365,0.54993,1.3181,150,710,710
16,audiomotor,4160,5166,0.77215,1.6658,156,1006,1006
16,audiomotor,1045,1181,0.19609,0.43996,41,136,136
16,audiomotor,1197,1390,0.21925,0.60737,194,193,193
16,audiomotor,1550,1913,0.27027,0.46362,46,363,363
16,audiomotor,3671,4180,0.80056,1.7745,167,509,509
16,audiomotor,4132,5913,0.81529,1.7287,129,1781,1781
16,audiomotor,2578,4179,0.50882,1.1078,74,1601,1601
16,audiomotor,3125,4153,0.57377,1.4009,121,1028,1028
16,audiomotor,3156,3680,0.70496,1.6538,152,524,524
16,audiomotor,3608,4890,0.55065,1.124,103,1282,1282
16,auditory,3000,3415,0.00036916,1.5711,0,415,415
16,auditory,3500,4423,0.00068893,7.1557,0,923,923
16,auditory,1000,1113,0.00019016,0.75273,0,113,113
16,auditory,1500,1692,0.00029997,1.9826,0,192,192
16,auditory,2500,3484,0.00055301,5.659,0,984,984
16,auditory,3000,3779,0.00059122,6.5296,0,779,779
16,auditory,3500,3937,0.0010903,4.0667,0,437,437
16,auditory,4000,5026,0.0010886,7.6496,0,1026,1026
16,auditory,2000,2012,0.0001922,1.1294,0,12,12
16,auditory,2500,3506,0.0004857,3.8695,0,1006,1006
16,auditory,1500,1411,0.00039285,1.9058,0,-89,89
16,auditory,2000,1522,0.0009707,2.88,0,-478,478
16,auditory,4000,4122,0.00049672,5.214,0,122,122
16,auditory,1000,1058,0.0002717,1.1361,0,58,58
16,motor,2575,3076,0.70478,1.6221,72,501,501
16,motor,3093,3340,0.62435,1.144,90,247,247
16,motor,2087,2810,0.33022,0.69695,83,723,723
16,motor,2592,2785,0.6292,1.5288,89,193,193
16,motor,1137,1245,0.17003,0.47697,133,108,108
16,motor,1655,2050,0.30408,0.771,152,395,395
16,motor,3073,3722,0.55427,1.2993,70,649,649
16,motor,3606,4543,1.0524,2.928,101,937,937
16,motor,3644,3732,0.77335,1.8212,140,88,88
16,motor,4048,3650,0.64174,1.2909,44,-398,398
16,motor,1610,1739,0.29078,0.5246,106,129,129
16,motor,2154,3146,0.37926,1.1348,149,992,992
16,motor,4124,4233,0.74465,1.6594,119,109,109
16,motor,1079,1692,0.11431,0.33872,75,613,613
16,auditory,4000,3658,0.00082359,1.5325,0,-342,342
16,auditory,1000,1463,0.00090867,0.85269,0,463,463
16,auditory,1500,1886,0.00021144,0.86389,0,386,386
16,auditory,2000,2160,0.00029322,2.5413,0,160,160
16,auditory,3500,2856,0.0015478,2.0612,0,-644,644
16,auditory,4000,2957,0.00081243,2.0401,0,-1043,1043
16,auditory,2500,2293,0.00055588,0.57279,0,-207,207
16,auditory,3000,2191,0.0007414,2.323,0,-809,809
16,auditory,3000,2587,0.0018514,3.7027,0,-413,413
16,auditory,3500,3531,0.001369,1.4627,0,31,31
16,auditory,1000,1323,0.00028339,0.10443,0,323,323
16,auditory,1500,1728,0.00036229,0.99886,0,228,228
16,auditory,2000,2812,0.00035457,1.6589,0,812,812
16,auditory,2500,2533,0.00062801,4.1576,0,33,33
16,motor,2753,3489,0.88521,2.329,248,736,736
16,motor,3092,3414,0.75683,1.6948,88,322,322
16,motor,1154,1804,0.2103,0.52786,150,650,650
16,motor,1769,1810,0.35449,0.55558,266,41,41
16,motor,3215,3078,0.64696,1.4162,210,-137,137
16,motor,3596,3957,0.77971,1.4863,91,361,361
16,motor,4147,4933,0.95125,2.0802,143,786,786
16,motor,1275,1454,0.21557,0.45166,272,179,179
16,motor,2152,2489,0.42851,1.1403,148,337,337
16,motor,2641,3216,0.60011,1.4448,137,575,575
16,motor,3615,3446,0.80946,2.1763,111,-169,169
16,motor,4086,3498,0.92631,2.2747,82,-588,588
16,motor,1703,2003,0.18908,0.55224,200,300,300
16,motor,2199,2368,0.35149,0.89568,195,169,169
16,audiomotor,4051,4265,0.76855,1.5025,47,214,214
16,audiomotor,3057,3848,0.70153,1.5266,52,791,791
16,audiomotor,3788,5683,0.78765,1.6771,285,1895,1895
16,audiomotor,2688,3690,0.62021,1.1638,184,1002,1002
16,audiomotor,3089,3190,0.7673,1.8297,85,101,101
16,audiomotor,4093,4203,1.2487,3.6045,89,110,110
16,audiomotor,1096,1423,0.21244,0.74454,93,327,327
16,audiomotor,2142,2541,0.40775,1.3349,137,399,399
16,audiomotor,2671,3454,0.55611,1.3975,167,783,783
16,audiomotor,1273,2199,0.26196,0.64836,268,926,926
16,audiomotor,1693,2311,0.26652,0.63735,188,618,618
16,audiomotor,1688,2956,0.34806,1.1111,183,1268,1268
16,audiomotor,2174,2300,0.46307,1.1183,170,126,126
16,motor,2693,3751,0.60053,1.4533,190,1058,1058
16,motor,3175,3562,0.65984,1.4051,172,387,387
16,motor,3062,3721,0.73983,1.467,58,659,659
16,motor,3572,3785,0.62856,1.2206,68,213,213
16,motor,1649,2682,0.41665,1.2487,146,1033,1033
16,motor,1199,1557,0.24992,0.76321,195,358,358
16,motor,1702,2131,0.39074,1.3184,197,429,429
16,motor,2075,3217,0.45137,1.0915,72,1142,1142
16,motor,2556,3088,0.46931,0.99189,53,532,532
16,motor,3743,4608,1.0218,2.3543,238,865,865
16,motor,4188,5350,1.1315,3.1024,184,1162,1162
16,motor,4199,4350,1.1684,3.8904,195,151,151
16,motor,1235,1467,0.22357,0.53712,231,232,232
16,audiomotor,1672,2146,0.31925,0.72766,168,474,474
16,audiomotor,2202,2686,0.46757,1.2842,197,484,484
16,audiomotor,3139,3087,0.66749,1.7276,135,-52,52
16,audiomotor,3674,4424,0.81258,2.0403,170,750,750
16,audiomotor,2178,3051,0.50368,1.3954,174,873,873
16,audiomotor,2607,3601,0.53059,1.202,103,994,994
16,audiomotor,1337,2100,0.20308,0.59621,333,763,763
16,audiomotor,1705,2844,0.38524,1.2347,201,1139,1139
16,audiomotor,2607,3128,0.60785,1.7071,103,521,521
16,audiomotor,3170,3669,0.73126,1.9066,167,499,499
16,audiomotor,3670,3330,1.0012,2.7366,165,-340,340
16,audiomotor,4171,4195,0.95254,2.7463,167,24,24
16,audiomotor,4212,5399,1.5502,4.6177,208,1187,1187
16,audiomotor,1297,1332,0.2547,0.84615,293,35,35
16,auditory,3000,2299,0.00047477,1.7594,0,-701,701
16,auditory,3500,3985,0.00033021,11.708,0,485,485
16,auditory,1000,1129,0.00033936,0.49788,0,129,129
16,auditory,1500,2194,0.00022229,1.9195,0,694,694
16,auditory,1500,1703,0.00033494,1.4171,0,203,203
16,auditory,2000,2205,0.00024648,1.4005,0,205,205
16,auditory,2500,2622,0.00095295,4.1092,0,122,122
16,auditory,3000,3031,0.00070938,1.5411,0,31,31
16,auditory,2000,1897,0.00025963,2.4666,0,-103,103
16,auditory,2500,2579,0.0007517,1.9475,0,79,79
16,auditory,4000,3098,0.00056372,5.8331,0,-902,902
16,auditory,1000,1291,0.00013207,1.7347,0,291,291
16,auditory,3500,3253,0.00091136,2.498,0,-247,247
16,auditory,4000,3196,0.00067142,4.7723,0,-804,804
16,motor,3672,3281,1.1494,3.2599,168,-391,391
16,motor,4178,2832,1.208,3.445,174,-1346,1346
16,motor,2185,2448,0.58216,1.5325,181,263,263
16,motor,2236,2672,0.50992,1.2902,231,436,436
16,motor,2589,2295,0.60042,1.5664,85,-294,294
16,motor,1172,1054,0.20672,0.6407,168,-118,118
16,motor,1643,2520,0.32659,1.1743,140,877,877
16,motor,3150,3608,0.78124,1.868,147,458,458
16,motor,3662,4563,0.87302,2.1519,157,901,901
16,motor,4123,3615,1.0319,2.4287,120,-508,508
16,motor,1233,1541,0.25762,1.0109,230,308,308
16,motor,2571,3070,0.65588,1.6642,66,499,499
16,motor,3087,2978,0.69741,1.5256,84,-109,109
16,audiomotor,1171,2483,0.28308,1.0083,167,1312,1312
16,audiomotor,1655,2262,0.40829,1.2827,150,607,607
16,audiomotor,1623,2161,0.40295,1.1075,120,538,538
16,audiomotor,2103,2554,0.44594,1.2605,99,451,451
16,audiomotor,2115,2307,0.45575,1.4211,110,192,192
16,audiomotor,2625,2656,0.3737,0.86849,121,31,31
16,audiomotor,4217,4032,1.3617,3.772,213,-185,185
16,audiomotor,1224,1537,0.25263,0.62493,220,313,313
16,audiomotor,2593,3928,0.73997,2.0388,89,1335,1335
16,audiomotor,3170,4050,0.60565,1.6762,166,880,880
16,audiomotor,3697,4511,0.95588,2.4594,193,814,814
16,audiomotor,4209,5442,1.2439,3.2283,205,1233,1233
16,audiomotor,3183,4206,0.8271,2.3349,180,1023,1023
16,audiomotor,3630,4512,1.1033,2.8831,125,882,882
16,auditory,1000,1497,7.37E-05,0.63462,0,497,497
16,auditory,1500,1877,0.0005695,0.96335,0,377,377
16,auditory,1500,1548,0.00061708,1.9184,0,48,48
16,auditory,2000,1868,0.00019808,1.354,0,-132,132
16,auditory,2500,2029,0.00050086,2.8379,0,-471,471
16,auditory,3000,2802,0.00093846,1.8248,0,-198,198
16,auditory,2000,1869,0.00058795,2.1901,0,-131,131
16,auditory,2500,2122,0.0019139,2.603,0,-378,378
16,auditory,3500,2384,0.00072942,4.5863,0,-1116,1116
16,auditory,4000,4154,0.00083454,3.2007,0,154,154
16,auditory,3000,3540,0.0012717,7.9222,0,540,540
16,auditory,3500,3227,0.00040251,9.9552,0,-273,273
16,auditory,4000,3328,0.0027942,8.3544,0,-672,672
16,auditory,1000,1140,0.00026446,0.53277,0,140,140
17,audiomotor,2215,3441,0.55745,1.6363,212,1226,1226
17,audiomotor,2722,4170,0.50606,1.6727,218,1448,1448
17,audiomotor,3623,4967,1.0479,3.1014,120,1344,1344
17,audiomotor,4237,5803,1.1262,3.4048,232,1566,1566
17,audiomotor,4208,5597,0.98048,2.559,203,1389,1389
17,audiomotor,1162,1866,0.19141,0.69558,157,704,704
17,audiomotor,3215,4416,0.81245,2.7949,212,1201,1201
17,audiomotor,3777,5926,1.0478,3.1499,273,2149,2149
17,audiomotor,1684,2664,0.27634,1.1521,180,980,980
17,audiomotor,2182,3351,0.53915,1.8924,177,1169,1169
17,audiomotor,2621,4231,0.71537,2.4605,117,1610,1610
17,audiomotor,3217,5032,0.92814,2.9492,212,1815,1815
17,audiomotor,1221,1884,0.25532,0.91134,217,663,663
17,auditory,1000,1847,0.00021774,0.89707,0,847,847
17,auditory,1500,1919,0.00023432,0.84575,0,419,419
17,auditory,3000,3316,0.00039824,1.2075,0,316,316
17,auditory,3500,4211,0.00068225,2.1316,0,711,711
17,auditory,2000,3078,0.00042569,1.7462,0,1078,1078
17,auditory,2500,3813,0.00047482,1.2428,0,1313,1313
17,auditory,1500,2977,0.00044157,0.71995,0,1477,1477
17,auditory,2000,3013,0.00059502,1.3904,0,1013,1013
17,auditory,4000,4295,0.001159,1.4597,0,295,295
17,auditory,1000,1532,0.00039748,1.1003,0,532,532
17,auditory,2500,3659,0.00044672,2.0964,0,1159,1159
17,auditory,3000,4074,0.00063901,0.91486,0,1074,1074
17,auditory,3500,5553,0.0010418,2.5161,0,2053,2053
17,auditory,4000,5711,0.0013826,1.6756,0,1711,1711
17,motor,4106,5741,0.81187,1.9611,102,1635,1635
17,motor,1113,2002,0.13225,0.47646,109,889,889
17,motor,1144,2599,0.16271,0.53513,140,1455,1455
17,motor,1857,3051,0.31397,1.259,353,1194,1194
17,motor,3139,4910,0.67544,2.4064,135,1771,1771
17,motor,3771,5127,0.8808,3.1091,267,1356,1356
17,motor,1640,2861,0.25546,0.77417,135,1221,1221
17,motor,2077,4171,0.53944,1.3743,74,2094,2094
17,motor,3596,5081,0.7908,3.3617,91,1485,1485
17,motor,4173,5199,1.1515,3.7151,170,1026,1026
17,motor,3105,4989,0.6085,2.4045,101,1884,1884
17,audiomotor,1594,3058,0.35767,1.2356,90,1464,1464
17,audiomotor,2237,3860,0.50963,1.6839,233,1623,1623
17,audiomotor,1286,2926,0.2907,0.94573,281,1640,1640
17,audiomotor,1751,3477,0.42834,1.6116,248,1726,1726
17,audiomotor,3805,4514,1.0236,3.1316,301,709,709
17,audiomotor,4185,4957,1.0224,3.1139,182,772,772
17,audiomotor,3199,4567,0.62511,2.1048,195,1368,1368
17,audiomotor,3689,5277,0.97943,2.9329,184,1588,1588
17,audiomotor,2177,3789,0.52154,1.7697,174,1612,1612
17,audiomotor,2585,4829,0.70865,2.2013,81,2244,2244
17,audiomotor,4181,5922,1.09,3.1102,176,1741,1741
17,audiomotor,1268,3017,0.20418,0.58745,263,1749,1749
17,audiomotor,2632,4327,0.63861,2.0479,128,1695,1695
17,audiomotor,3096,4873,0.77917,2.4582,92,1777,1777
17,auditory,2500,4029,0.00061366,2.337,0,1529,1529
17,auditory,3000,4404,0.0014493,2.3233,0,1404,1404
17,auditory,1500,1926,0.00041638,1.0449,0,426,426
17,auditory,2000,3069,0.00059643,1.9458,0,1069,1069
17,auditory,3500,4160,0.0012148,2.03,0,660,660
17,auditory,4000,5692,0.0010113,3.056,0,1692,1692
17,auditory,4000,4925,0.00089194,2.0356,0,925,925
17,auditory,1000,1409,0.00030719,1.2673,0,409,409
17,auditory,3000,3754,0.00088249,0.80731,0,754,754
17,auditory,3500,4362,0.00093017,3.8187,0,862,862
17,auditory,2000,3378,0.00047718,0.9219,0,1378,1378
17,auditory,2500,2487,0.00039845,2.5329,0,-13,13
17,auditory,1000,1844,0.00020734,0.62007,0,844,844
17,auditory,1500,2801,0.00054831,1.1468,0,1301,1301
17,motor,1091,3614,0.23702,1.1041,86,2523,2523
17,motor,1730,2919,0.3783,1.9647,226,1189,1189
17,motor,3400,4099,0.86704,2.8704,396,699,699
17,motor,3792,4135,1.0197,4.0323,288,343,343
17,motor,1950,3373,0.42442,1.4631,447,1423,1423
17,motor,2087,2957,0.41103,0.86995,83,870,870
17,motor,1136,3299,0.25073,0.64006,133,2163,2163
17,motor,2187,3651,0.56863,2.1222,184,1464,1464
17,motor,3651,4707,0.957,2.9855,146,1056,1056
17,motor,4216,4900,1.2032,3.8335,212,684,684
17,motor,3258,4219,0.87832,3.2306,254,961,961
17,auditory,2000,3114,0.00046566,1.3658,0,1114,1114
17,auditory,2500,3243,0.00073678,2.7053,0,743,743
17,auditory,1500,2213,0.00056431,0.82686,0,713,713
17,auditory,2000,3456,0.00083709,0.92246,0,1456,1456
17,auditory,4000,4719,0.00075197,3.0072,0,719,719
17,auditory,1000,1369,0.00038864,0.87304,0,369,369
17,auditory,2500,4198,0.00082498,2.1738,0,1698,1698
17,auditory,3000,4178,0.00084403,2.8684,0,1178,1178
17,auditory,1000,1433,0.00021539,0.66492,0,433,433
17,auditory,1500,2394,0.00055446,1.1173,0,894,894
17,auditory,3500,4618,0.00065107,1.8714,0,1118,1118
17,auditory,4000,4451,0.0013646,1.2634,0,451,451
17,auditory,3000,4278,0.00038426,1.0017,0,1278,1278
17,auditory,3500,4800,0.000998,1.5852,0,1300,1300
17,audiomotor,2185,4057,0.48459,1.6534,181,1872,1872
17,audiomotor,2710,4839,0.6266,2.682,205,2129,2129
17,audiomotor,1290,2994,0.26615,0.82263,285,1704,1704
17,audiomotor,1488,2976,0.28908,1.2432,483,1488,1488
17,audiomotor,1581,3307,0.41952,1.5041,76,1726,1726
17,audiomotor,2614,4601,0.77151,2.7481,110,1987,1987
17,audiomotor,3208,4899,1.0878,3.7963,203,1691,1691
17,audiomotor,3615,4886,0.74786,2.9818,110,1271,1271
17,audiomotor,4202,4954,1.4569,5.2927,197,752,752
17,audiomotor,1740,3305,0.43797,1.8494,237,1565,1565
17,audiomotor,2165,3745,0.49918,1.8241,162,1580,1580
17,audiomotor,3536,5176,1.1128,4.5479,532,1640,1640
17,audiomotor,3884,5062,1.0679,3.5129,381,1178,1178
17,motor,4460,4883,1.5965,5.2218,456,423,423
17,motor,1233,2681,0.26266,0.98785,229,1448,1448
17,motor,1274,2581,0.30758,1.79,269,1307,1307
17,motor,1679,3504,0.51053,1.7182,175,1825,1825
17,motor,2206,3991,0.60381,2.2368,202,1785,1785
17,motor,2694,3525,0.8399,2.9175,189,831,831
17,motor,3196,3354,0.82593,2.6086,192,158,158
17,motor,3818,4042,1.2534,3.579,313,224,224
17,motor,2700,3836,1.0179,3.6361,196,1136,1136
17,motor,3119,3200,0.9489,2.9181,115,81,81
17,motor,3698,3760,1.1669,4.0712,194,62,62
17,motor,1697,3420,0.38309,1.3191,193,1723,1723
17,motor,2089,2859,0.41223,2.1965,85,770,770
17,auditory,2000,3958,0.001183,1.4716,0,1958,1958
17,auditory,2500,3918,0.0010071,1.5165,0,1418,1418
17,auditory,4000,4623,0.00097537,4.0395,0,623,623
17,auditory,1000,2206,0.00052467,0.99203,0,1206,1206
17,auditory,1500,2122,0.00035238,1.0523,0,622,622
17,auditory,2000,3291,0.00073564,0.72616,0,1291,1291
17,auditory,2500,3847,0.00093444,2.1848,0,1347,1347
17,auditory,3000,4479,0.0010825,3.3417,0,1479,1479
17,auditory,1000,1202,0.00055846,1.2928,0,202,202
17,auditory,1500,2150,0.000314,1.0469,0,650,650
17,auditory,3000,4426,0.00098064,2.1013,0,1426,1426
17,auditory,3500,4591,0.0010299,3.786,0,1091,1091
17,auditory,3500,5336,0.0010858,5.7418,0,1836,1836
17,auditory,4000,5326,0.0011353,3.5989,0,1326,1326
17,audiomotor,1116,2049,0.29611,1.1782,112,933,933
17,audiomotor,1795,3750,0.5042,1.8629,292,1955,1955
17,audiomotor,3769,5231,1.1829,3.5953,264,1462,1462
17,audiomotor,4208,4913,1.2327,3.8173,203,705,705
17,audiomotor,1181,1730,0.23594,1.1184,176,549,549
17,audiomotor,2213,3761,0.54229,1.7443,210,1548,1548
17,audiomotor,2690,3399,0.75764,2.6942,187,709,709
17,audiomotor,3142,4499,0.76234,3.1961,137,1357,1357
17,audiomotor,3685,4654,0.99852,3.3208,181,969,969
17,audiomotor,1693,2983,0.41777,1.5475,189,1290,1290
17,audiomotor,2333,3788,0.53381,1.681,328,1455,1455
17,audiomotor,2698,3655,0.56901,2.3694,194,957,957
17,audiomotor,3127,3498,0.80501,3.1038,123,371,371
17,motor,4331,5280,1.4008,4.9093,328,949,949
17,motor,1145,2669,0.3007,1.2201,142,1524,1524
17,motor,3207,3632,0.82643,3.1938,204,425,425
17,motor,3772,3799,1.0447,3.6675,267,27,27
17,motor,1352,1761,0.23619,0.7194,348,409,409
17,motor,1779,1871,0.43329,1.6494,276,92,92
17,motor,3582,3603,1.2506,4.6408,77,21,21
17,motor,4265,3988,1.3793,5.7304,261,-277,277
17,motor,2822,3291,0.78557,3.2269,318,469,469
17,motor,3065,3367,1.1206,3.2802,62,302,302
17,motor,2272,2972,0.49467,2.5546,268,700,700
17,motor,2904,3634,0.8259,3.0007,400,730,730
17,motor,2037,2735,0.39292,1.93,532,698,698
17,motor,2310,2913,0.57029,2.1422,306,603,603
17,auditory,4000,5375,0.00073608,1.4504,0,1375,1375
17,auditory,1000,1607,0.0009744,0.74323,0,607,607
17,auditory,2000,3005,0.00084709,2.0511,0,1005,1005
17,auditory,2500,3127,0.00075819,2.6034,0,627,627
17,auditory,3000,4370,0.00074772,3.5711,0,1370,1370
17,auditory,3500,4553,0.00056592,1.8535,0,1053,1053
17,auditory,1000,1456,0.00036164,0.6341,0,456,456
17,auditory,1500,2654,0.00043199,1.1412,0,1154,1154
17,auditory,2500,3445,0.0021302,1.4569,0,945,945
17,auditory,3000,3954,0.00093956,2.0578,0,954,954
17,auditory,3500,4355,0.00082966,3.5676,0,855,855
17,auditory,4000,5127,0.0013377,3.9509,0,1127,1127
17,auditory,1500,1858,0.0004839,0.21555,0,358,358
17,auditory,2000,3422,0.00032776,1.8213,0,1422,1422
17,audiomotor,2309,3723,0.67184,2.5847,305,1414,1414
17,audiomotor,2923,4140,0.90272,3.5058,419,1217,1217
17,audiomotor,3103,4057,0.86781,3.1957,100,954,954
17,audiomotor,3808,3490,0.98493,3.792,304,-318,318
17,audiomotor,1250,1869,0.27036,0.93731,245,619,619
17,audiomotor,1674,2651,0.40544,1.6601,169,977,977
17,audiomotor,3680,3499,1.0322,3.6154,177,-181,181
17,audiomotor,4090,3908,1.0585,4.2899,86,-182,182
17,audiomotor,2773,3564,1.0388,3.7331,269,791,791
17,audiomotor,3308,3943,0.87055,2.7462,304,635,635
17,audiomotor,4252,3736,1.1222,4.3427,248,-516,516
17,audiomotor,1281,1742,0.25313,1.0569,278,461,461
17,audiomotor,1605,3025,0.38201,1.3985,100,1420,1420
17,audiomotor,2306,3257,0.6232,2.1581,302,951,951
17,motor,3872,3640,1.1981,5.726,368,-232,232
17,motor,4553,3407,1.5526,6.939,550,-1146,1146
17,motor,2342,3287,0.48812,2.3733,338,945,945
17,motor,2626,3578,0.90576,3.3628,122,952,952
17,motor,4376,3787,1.437,5.0496,372,-589,589
17,motor,1304,2482,0.31196,1.1868,300,1178,1178
17,motor,1917,2541,0.39443,1.7672,412,624,624
17,motor,2277,2930,0.59707,1.9893,273,653,653
17,motor,3194,3338,0.94464,3.5054,190,144,144
17,motor,1299,2382,0.24176,0.71839,295,1083,1083
17,motor,1690,2633,0.31744,0.92583,186,943,943
17,motor,2838,3523,0.65572,2.3038,334,685,685
17,motor,3307,3632,1.0647,3.4194,302,325,325
18,audiomotor,3026,3216,0.57422,6.6188,22,190,190
18,audiomotor,3541,3156,0.39383,0.79377,37,-385,385
18,audiomotor,3549,2489,0.52488,3.6618,45,-1060,1060
18,audiomotor,4047,2735,0.72203,1.8259,43,-1312,1312
18,audiomotor,1536,1744,0.24148,0.46763,33,208,208
18,audiomotor,2137,2677,0.32195,0.73963,134,540,540
18,audiomotor,2650,2287,0.34849,0.98799,146,-363,363
18,audiomotor,3021,3194,0.36555,0.71896,17,173,173
18,audiomotor,4048,3101,0.54166,1.1104,43,-947,947
18,audiomotor,1071,972,0.104,0.22554,66,-99,99
18,audiomotor,1085,803,0.1353,0.28575,81,-282,282
18,audiomotor,1589,1472,0.24512,0.76793,85,-117,117
18,audiomotor,2047,2247,0.31947,0.86034,42,200,200
18,audiomotor,2575,1919,0.26275,0.60246,72,-656,656
18,auditory,4000,4125,0.0017916,2.7627,0,125,125
18,auditory,1000,818,0.00033119,0.83175,0,-182,182
18,auditory,1500,1738,0.00056356,2.0537,0,238,238
18,auditory,2000,1933,0.00082645,5.0153,0,-67,67
18,auditory,1000,979,0.00061609,2.1349,0,-21,21
18,auditory,1500,1256,0.00059829,2.1781,0,-244,244
18,auditory,2000,2449,0.0005796,2.0556,0,449,449
18,auditory,2500,3263,0.00062637,8.7559,0,763,763
18,auditory,3000,3541,0.00049483,3.2462,0,541,541
18,auditory,3500,3202,0.00044621,3.3003,0,-298,298
18,auditory,2500,2798,0.00081532,4.8953,0,298,298
18,auditory,3000,3091,0.0011318,7.7929,0,91,91
18,auditory,3500,3378,0.001208,17.125,0,-122,122
18,auditory,4000,3446,0.0023797,14.633,0,-554,554
18,motor,3529,2538,0.50881,5.4488,26,-991,991
18,motor,4005,3203,0.34646,0.85973,1,-802,802
18,motor,3067,3174,0.2622,0.68537,63,107,107
18,motor,3558,3047,0.41126,0.83053,55,-511,511
18,motor,1098,1,0.1188,0.36494,95,-1097,1097
18,motor,1644,1668,0.31271,0.72595,140,24,24
18,motor,2566,2132,0.43027,1.0862,62,-434,434
18,motor,3090,2037,0.29404,0.74479,85,-1053,1053
18,motor,2148,1960,0.19255,0.51523,145,-188,188
18,motor,2572,2136,0.36735,0.86855,68,-436,436
18,motor,4021,3203,0.59654,1.1942,16,-818,818
18,motor,1053,1144,0.17199,0.37179,48,91,91
18,motor,1553,929,0.1329,0.34679,49,-624,624
18,motor,2020,1832,0.26181,0.58608,17,-188,188
18,audiomotor,3059,2613,0.34778,0.89227,56,-446,446
18,audiomotor,3519,3056,0.57882,6.6787,15,-463,463
18,audiomotor,1021,1203,0.078631,0.12227,17,182,182
18,audiomotor,1573,1533,0.21822,0.40609,69,-40,40
18,audiomotor,2014,2006,0.20558,0.40357,9,-8,8
18,audiomotor,2526,2079,0.25474,0.54574,21,-447,447
18,audiomotor,3538,2705,0.54087,2.9967,34,-833,833
18,audiomotor,4034,3010,0.43989,1.1099,31,-1024,1024
18,audiomotor,2662,2298,0.2538,0.6774,157,-364,364
18,audiomotor,3161,2757,0.57829,4.2014,158,-404,404
18,audiomotor,4013,3900,0.40186,0.9692,10,-113,113
18,audiomotor,1009,1317,0.082296,0.19946,4,308,308
18,audiomotor,1542,1250,0.14069,0.33325,37,-292,292
18,audiomotor,2139,1672,0.45756,6.6783,135,-467,467
18,motor,2023,1091,0.18689,0.48831,19,-932,932
18,motor,2572,1967,0.4721,1.114,67,-605,605
18,motor,2101,2444,0.31656,0.70476,97,343,343
18,motor,4056,2766,0.50917,1.3179,51,-1290,1290
18,motor,1060,753,0.11547,0.28851,56,-307,307
18,motor,3558,2915,0.42802,0.99691,54,-643,643
18,motor,4049,2482,0.46808,1.0232,45,-1567,1567
18,motor,2523,2518,0.28406,0.57481,18,-5,5
18,motor,3083,2474,0.37721,0.73903,79,-609,609
18,motor,3043,2376,0.3828,0.80626,40,-667,667
18,motor,3523,2911,0.27684,0.74394,19,-612,612
18,motor,1055,841,0.10645,0.29657,51,-214,214
18,motor,1522,1268,0.22501,0.53408,18,-254,254
18,auditory,2500,2481,0.00095609,1.0967,0,-19,19
18,auditory,3000,2893,0.0012528,2.3685,0,-107,107
18,auditory,4000,4857,0.00093521,2.6418,0,857,857
18,auditory,1000,876,0.00035,1.316,0,-124,124
18,auditory,1500,1485,0.00039768,0.93297,0,-15,15
18,auditory,2000,2326,0.0010141,5.3941,0,326,326
18,auditory,3500,3005,0.0015716,7.4045,0,-495,495
18,auditory,4000,3927,0.0018255,5.2418,0,-73,73
18,auditory,1000,1096,0.00029655,1.3711,0,96,96
18,auditory,1500,1947,0.00032296,1.1456,0,447,447
18,auditory,2000,2223,0.00057774,1.6743,0,223,223
18,auditory,2500,2561,0.00068606,2.6139,0,61,61
18,auditory,3000,3018,0.00067164,3.2748,0,18,18
18,auditory,3500,4417,0.0010454,11.363,0,917,917
18,motor,1543,1975,0.14188,0.33473,39,432,432
18,motor,2027,2473,0.18483,0.46175,23,446,446
18,motor,2513,2643,0.17148,0.54595,9,130,130
18,motor,3022,2921,0.79363,3.1245,17,-101,101
18,motor,1025,1433,0.11633,0.21258,21,408,408
18,motor,1636,1540,0.30496,0.45139,133,-96,96
18,motor,3549,2967,0.51609,0.9759,45,-582,582
18,motor,4105,4692,0.61631,1.2671,101,587,587
18,motor,4088,2582,0.7778,4.3232,85,-1506,1506
18,motor,1147,1408,0.15855,0.35272,143,261,261
18,motor,2174,2496,0.33359,0.85947,169,322,322
18,motor,2572,1753,0.40786,1.0792,68,-819,819
18,motor,3106,3293,0.50861,1.1485,103,187,187
18,motor,3584,3487,0.57977,1.3215,79,-97,97
18,auditory,3000,2663,0.00069833,4.0289,0,-337,337
18,auditory,3500,3028,0.00088515,4.0146,0,-472,472
18,auditory,1500,1537,0.00042793,1.196,0,37,37
18,auditory,2000,2275,0.00043007,0.93501,0,275,275
18,auditory,4000,3933,0.0013213,2.7551,0,-67,67
18,auditory,1000,793,0.00070071,3.7315,0,-207,207
18,auditory,1000,974,0.00036401,1.3679,0,-26,26
18,auditory,1500,1776,0.00072307,1.921,0,276,276
18,auditory,2000,1789,0.00080416,2.5209,0,-211,211
18,auditory,2500,3156,0.0009102,2.5926,0,656,656
18,auditory,2500,2967,0.0011104,6.4465,0,467,467
18,auditory,3000,2805,0.0010528,6.7129,0,-195,195
18,auditory,3500,3705,0.0010992,3.5598,0,205,205
18,auditory,4000,3337,0.0017352,12.739,0,-663,663
18,audiomotor,3559,3106,0.5398,1.1869,55,-453,453
18,audiomotor,4099,3598,0.67559,1.4213,95,-501,501
18,audiomotor,2509,1935,0.31981,0.63002,5,-574,574
18,audiomotor,3055,2751,0.40168,0.92489,52,-304,304
18,audiomotor,4055,3488,0.64372,1.1958,51,-567,567
18,audiomotor,1110,1059,0.13316,0.18663,105,-51,51
18,audiomotor,1629,2129,0.24159,0.49441,124,500,500
18,audiomotor,2152,1494,0.35835,0.76181,148,-658,658
18,audiomotor,1098,1333,0.10987,0.43331,94,235,235
18,audiomotor,1524,1848,0.1522,0.30464,20,324,324
18,audiomotor,2037,2419,0.24915,0.44619,33,382,382
18,audiomotor,2556,2790,0.30027,0.48226,52,234,234
18,audiomotor,3041,2366,0.33126,0.93942,37,-675,675
18,audiomotor,3647,3067,0.44526,0.95585,144,-580,580
18,auditory,3500,4126,0.0017707,6.5845,0,626,626
18,auditory,4000,4226,0.0014628,7.7673,0,226,226
18,auditory,2500,2885,0.0011033,8.553,0,385,385
18,auditory,3000,2677,0.0013465,10.958,0,-323,323
18,auditory,1500,1662,0.00048352,2.4028,0,162,162
18,auditory,2000,2418,0.00047993,0.93407,0,418,418
18,auditory,3000,2793,0.0016484,5.2676,0,-207,207
18,auditory,3500,3483,0.0009578,6.8039,0,-17,17
18,auditory,4000,3942,0.00079404,2.8758,0,-58,58
18,auditory,1000,854,0.0001973,0.66913,0,-146,146
18,auditory,1000,884,0.00041057,2.5946,0,-116,116
18,auditory,1500,1157,0.00057278,2.7961,0,-343,343
18,auditory,2000,2233,0.00093711,2.9859,0,233,233
18,auditory,2500,3160,0.00099031,4.1736,0,660,660
18,audiomotor,1093,1451,0.1211,0.17255,90,358,358
18,audiomotor,1550,1833,0.18076,0.41592,46,283,283
18,audiomotor,4026,3719,0.37004,0.91964,23,-307,307
18,audiomotor,1029,1425,0.095852,0.21645,24,396,396
18,audiomotor,2142,2,0.22517,0.43263,139,-2140,2140
18,audiomotor,2550,1745,0.30167,0.79386,46,-805,805
18,audiomotor,3056,30,0.40042,0.88009,53,-3026,3026
18,audiomotor,3549,3075,0.72485,11.597,46,-474,474
18,audiomotor,2592,2853,0.39575,0.91398,89,261,261
18,audiomotor,3044,4,0.61735,4.9358,39,-3040,3040
18,audiomotor,3595,2871,0.72467,4.3082,92,-724,724
18,audiomotor,4125,3664,1.2612,6.654,121,-461,461
18,audiomotor,1559,2802,0.20335,0.43013,55,1243,1243
18,audiomotor,2112,2582,0.25023,0.63068,108,470,470
18,motor,1105,1116,0.1453,0.37986,101,11,11
18,motor,1063,1470,0.14733,0.35032,59,407,407
18,motor,3060,2875,0.51463,1.0872,57,-185,185
18,motor,3639,3469,0.61907,1.4219,135,-170,170
18,motor,2089,2086,0.30605,0.6868,85,-3,3
18,motor,2546,2685,0.35199,0.75399,43,139,139
18,motor,2636,2602,0.39551,0.98535,133,-34,34
18,motor,3143,2530,0.52454,1.0917,140,-613,613
18,motor,3596,3156,0.56371,1.2431,91,-440,440
18,motor,4075,2905,0.55253,1.1874,72,-1170,1170
18,motor,1545,1726,0.28696,0.69292,41,181,181
18,motor,2010,2079,0.16875,0.5422,5,69,69
18,audiomotor,4022,3833,0.52198,1.0656,19,-189,189
18,audiomotor,1180,1046,0.15556,0.32737,175,-134,134
18,audiomotor,3612,3353,0.48074,0.99301,109,-259,259
18,audiomotor,4055,3149,0.58448,1.1632,51,-906,906
18,audiomotor,1582,2484,0.24451,0.50013,77,902,902
18,audiomotor,2121,2558,0.26319,0.55015,117,437,437
18,audiomotor,3072,3479,0.44389,0.9833,69,407,407
18,audiomotor,3663,3218,0.53747,1.0509,159,-445,445
18,audiomotor,2555,2483,0.29938,0.57823,52,-72,72
18,audiomotor,3041,2670,0.39645,1.0513,36,-371,371
18,audiomotor,1048,1343,0.12694,0.35109,44,295,295
18,audiomotor,1523,1303,0.1687,0.43095,19,-220,220
18,audiomotor,2035,1627,0.20503,0.49082,31,-408,408
18,audiomotor,2516,2823,0.29804,0.6699,13,307,307
18,motor,2067,1793,0.29159,0.53619,63,-274,274
18,motor,2532,2254,0.32475,0.76744,27,-278,278
18,motor,2558,2426,0.25578,0.54955,53,-132,132
18,motor,3120,2725,0.4417,1.0523,116,-395,395
18,motor,3025,2757,0.32057,0.72277,20,-268,268
18,motor,3550,3189,0.51776,1.2198,45,-361,361
18,motor,1538,2528,0.17172,0.29904,34,990,990
18,motor,2061,2182,0.70721,4.0171,57,121,121
18,motor,4055,3398,0.57837,1.1657,52,-657,657
18,motor,1106,1171,0.16923,0.48091,102,65,65
18,motor,1073,1351,0.14958,0.38206,70,278,278
18,motor,1610,1697,0.26019,0.802,106,87,87
18,motor,3572,2917,0.6094,1.492,68,-655,655
18,motor,4042,362,0.55531,1.1605,39,-3680,3680
18,auditory,2000,2386,0.0011794,1.7446,0,386,386
18,auditory,2500,2646,0.0007343,2.8075,0,146,146
18,auditory,1500,1666,0.00061567,2.4957,0,166,166
18,auditory,2000,1988,0.00050491,6.4457,0,-12,12
18,auditory,4000,3931,0.00087016,1.6485,0,-69,69
18,auditory,1000,681,0.0004304,1.8296,0,-319,319
18,auditory,3500,2540,0.0010904,7.929,0,-960,960
18,auditory,4000,4586,0.001176,3.1418,0,586,586
18,auditory,3000,2734,0.00077502,3.9725,0,-266,266
18,auditory,3500,3789,0.0010008,2.2034,0,289,289
18,auditory,1000,1538,0.00033391,2.042,0,538,538
18,auditory,1500,1735,0.00077769,5.5126,0,235,235
18,auditory,2500,2290,0.001425,3.4852,0,-210,210
18,auditory,3000,2468,0.00109,5.0274,0,-532,532
19,motor,2551,1602,0.57732,2.2987,46,-949,949
19,motor,3080,1953,0.5399,1.9994,77,-1127,1127
19,motor,3134,2000,0.60926,2.2722,131,-1134,1134
19,motor,3571,2201,0.82625,3.1064,68,-1370,1370
19,motor,4104,2535,0.84534,3.0677,99,-1569,1569
19,motor,1115,1095,0.1949,0.61233,112,-20,20
19,motor,1073,1145,0.21117,0.87823,69,72,72
19,motor,1627,1244,0.27001,1.0818,124,-383,383
19,motor,2092,1611,0.33695,1.2029,88,-481,481
19,motor,2541,1627,0.35646,1.3876,36,-914,914
19,motor,3562,2371,0.5135,2.2491,58,-1191,1191
19,motor,4035,2677,0.58864,2.0806,31,-1358,1358
19,motor,1613,1400,0.26883,0.99008,109,-213,213
19,motor,2102,1612,0.33192,1.2244,98,-490,490
19,auditory,4000,2837,0.0011402,2.9549,0,-1163,1163
19,auditory,1000,1035,0.00032596,1.0218,0,35,35
19,auditory,3000,2514,0.00048085,2.9476,0,-486,486
19,auditory,3500,2228,0.00057857,2.431,0,-1272,1272
19,auditory,1500,1236,0.0005941,1.8329,0,-264,264
19,auditory,2000,1631,0.0010404,2.1624,0,-369,369
19,auditory,2500,1713,0.00058273,1.1766,0,-787,787
19,auditory,3000,2131,0.0009547,2.9609,0,-869,869
19,auditory,3500,2942,0.0013252,2.8589,0,-558,558
19,auditory,4000,2403,0.0013178,3.787,0,-1597,1597
19,auditory,2000,1780,0.00055253,2.2481,0,-220,220
19,auditory,2500,1794,0.0011276,1.0216,0,-706,706
19,auditory,1000,1085,0.00027172,1.823,0,85,85
19,auditory,1500,1470,0.00054158,1.9277,0,-30,30
19,audiomotor,1131,1233,0.22557,3.2581,127,102,102
19,audiomotor,1586,1290,0.25571,1.0944,82,-296,296
19,audiomotor,2026,1656,0.41415,1.4665,22,-370,370
19,audiomotor,2528,2006,0.35304,1.4019,23,-522,522
19,audiomotor,2567,1852,0.32493,1.2977,64,-715,715
19,audiomotor,3048,2004,0.52272,1.7034,43,-1044,1044
19,audiomotor,3084,2227,0.53065,1.7697,79,-857,857
19,audiomotor,3539,2677,0.65353,1.8892,35,-862,862
19,audiomotor,1666,1743,0.31189,1.1264,162,77,77
19,audiomotor,2064,1859,0.34008,1.2826,61,-205,205
19,audiomotor,3572,2436,0.60655,2.2073,68,-1136,1136
19,audiomotor,4125,2722,0.7009,2.4269,121,-1403,1403
19,audiomotor,4056,2495,0.75874,2.8414,52,-1561,1561
19,audiomotor,1040,1027,0.15519,0.53086,36,-13,13
19,auditory,1500,1279,0.00029888,1.926,0,-221,221
19,auditory,2000,1474,0.00087989,0.6177,0,-526,526
19,auditory,1000,1042,0.00028194,1.1895,0,42,42
19,auditory,1500,1153,0.00038534,0.46782,0,-347,347
19,auditory,3500,2610,0.00091968,2.8266,0,-890,890
19,auditory,4000,2422,0.0011527,2.3408,0,-1578,1578
19,auditory,2500,1800,0.00075771,2.5523,0,-700,700
19,auditory,3000,1650,0.00078318,2.3357,0,-1350,1350
19,auditory,3000,2225,0.00090989,4.4797,0,-775,775
19,auditory,3500,2238,0.00093708,4.6624,0,-1262,1262
19,auditory,2000,1501,0.00053906,3.8102,0,-499,499
19,auditory,2500,2060,0.00045295,2.5466,0,-440,440
19,auditory,4000,3244,0.0009707,5.562,0,-756,756
19,auditory,1000,1012,0.00035889,1.4681,0,12,12
19,audiomotor,3080,2405,0.70572,5.075,76,-675,675
19,audiomotor,3550,2547,0.65066,2.3018,45,-1003,1003
19,audiomotor,4052,2432,0.73394,2.3887,48,-1620,1620
19,audiomotor,1123,1079,0.18819,0.69264,119,-44,44
19,audiomotor,3581,2253,0.69876,2.171,77,-1328,1328
19,audiomotor,4100,2661,0.71032,2.4286,95,-1439,1439
19,audiomotor,2111,1588,0.38002,1.4556,107,-523,523
19,audiomotor,2598,1817,0.54444,1.6929,94,-781,781
19,audiomotor,1586,1489,0.27692,0.92622,81,-97,97
19,audiomotor,2072,1467,0.3907,1.2592,68,-605,605
19,audiomotor,1180,1188,0.22257,0.70227,177,8,8
19,audiomotor,1561,1678,0.36369,1.1607,57,117,117
19,audiomotor,2560,1375,0.44853,1.5463,56,-1185,1185
19,audiomotor,3048,2135,0.45159,1.5829,44,-913,913
19,motor,3212,1976,0.59617,2.0611,208,-1236,1236
19,motor,3583,2790,0.85445,2.3071,79,-793,793
19,motor,2071,1874,0.4543,1.4791,67,-197,197
19,motor,4131,2558,0.76317,2.5526,127,-1573,1573
19,motor,1041,1259,0.1749,0.64459,38,218,218
19,motor,2040,1451,0.36657,1.1868,37,-589,589
19,motor,2629,2253,0.54719,1.4143,125,-376,376
19,motor,2717,1987,0.57583,2.1294,213,-730,730
19,motor,3054,2544,0.69847,2.2311,50,-510,510
19,motor,1074,1322,0.19493,0.89139,70,248,248
19,motor,1584,1273,0.32422,1.0834,80,-311,311
19,motor,3567,2047,0.79349,2.5847,63,-1520,1520
19,motor,4181,2488,0.81892,2.589,177,-1693,1693
19,auditory,2000,1593,0.00032227,0.55441,0,-407,407
19,auditory,2500,2019,0.00073614,4.2491,0,-481,481
19,auditory,3000,1729,0.00030146,2.9589,0,-1271,1271
19,auditory,3500,2732,0.00072696,4.0387,0,-768,768
19,auditory,1500,1671,0.00024332,1.5768,0,171,171
19,auditory,2000,1382,0.00036301,2.495,0,-618,618
19,auditory,4000,3172,0.0010251,3.2929,0,-828,828
19,auditory,1000,1140,0.00024385,1.032,0,140,140
19,auditory,1000,1010,0.00036973,1.8458,0,10,10
19,auditory,1500,1360,0.00049426,1.2934,0,-140,140
19,auditory,3500,2476,0.00072252,5.3351,0,-1024,1024
19,auditory,4000,1886,0.0013664,5.4543,0,-2114,2114
19,auditory,2500,1797,0.00080268,3.896,0,-703,703
19,auditory,3000,2096,0.0007269,3.4025,0,-904,904
19,motor,3147,1964,0.63808,2.1782,143,-1183,1183
19,motor,3643,2730,0.79912,2.5455,138,-913,913
19,motor,4050,2575,0.92339,2.6346,45,-1475,1475
19,motor,1132,1232,0.13929,0.54454,128,100,100
19,motor,3580,2047,0.62192,1.6794,75,-1533,1533
19,motor,4127,2522,0.77525,2.7877,123,-1605,1605
19,motor,1528,1326,0.17797,0.54611,24,-202,202
19,motor,2148,1301,0.29697,1.0445,143,-847,847
19,motor,2609,1533,0.58149,2.1977,106,-1076,1076
19,motor,3139,1941,0.52661,2.1586,134,-1198,1198
19,motor,2124,1812,0.31217,1.2566,120,-312,312
19,motor,2623,1684,0.47021,2.0811,119,-939,939
19,motor,1057,1360,0.18335,0.78368,52,303,303
19,motor,1535,1603,0.19898,0.94319,31,68,68
19,audiomotor,1628,1150,0.32725,1.117,125,-478,478
19,audiomotor,2081,1515,0.43458,1.9608,78,-566,566
19,audiomotor,3119,2379,0.63157,2.2466,115,-740,740
19,audiomotor,3586,2472,0.64143,2.8796,82,-1114,1114
19,audiomotor,1133,1027,0.21114,0.86976,130,-106,106
19,audiomotor,1636,1461,0.26103,1.1113,131,-175,175
19,audiomotor,4064,2089,0.82293,2.643,60,-1975,1975
19,audiomotor,1026,1139,0.18884,0.62474,22,113,113
19,audiomotor,2124,1526,0.33709,1.343,120,-598,598
19,audiomotor,2682,1680,0.4326,1.6834,178,-1002,1002
19,audiomotor,3613,2092,0.61564,2.2633,109,-1521,1521
19,audiomotor,4058,2282,0.68976,3.0575,53,-1776,1776
19,audiomotor,2534,2135,0.38267,1.4406,30,-399,399
19,audiomotor,3081,2399,0.53897,2.1289,77,-682,682
19,auditory,4000,2739,0.0010529,5.9854,0,-1261,1261
19,auditory,1000,1365,0.00020023,1.1835,0,365,365
19,auditory,2500,1893,0.00083779,1.1043,0,-607,607
19,auditory,3000,2314,0.0007518,1.2745,0,-686,686
19,auditory,3000,2098,0.00083656,2.4059,0,-902,902
19,auditory,3500,2961,0.00050976,3.7787,0,-539,539
19,auditory,1500,1488,0.00041243,2.0059,0,-12,12
19,auditory,2000,1848,0.000382,1.9621,0,-152,152
19,auditory,1000,741,0.00020899,0.95896,0,-259,259
19,auditory,1500,1470,0.00029128,2.3745,0,-30,30
19,auditory,2000,1970,0.00035536,1.2366,0,-30,30
19,auditory,2500,2157,0.00055846,0.98102,0,-343,343
19,auditory,3500,3014,0.0007478,4.8694,0,-486,486
19,auditory,4000,3451,0.00083231,4.2764,0,-549,549
19,motor,2081,1907,0.38524,1.6147,77,-174,174
19,motor,2542,2115,0.39815,1.5546,39,-427,427
19,motor,3617,2452,0.80162,2.5268,113,-1165,1165
19,motor,4116,2662,0.83015,2.8773,113,-1454,1454
19,motor,3636,2590,0.57915,2.3222,132,-1046,1046
19,motor,1639,1491,0.24952,0.99466,136,-148,148
19,motor,2100,1869,0.27887,1.3792,96,-231,231
19,motor,4078,2372,0.74976,2.4926,74,-1706,1706
19,motor,1022,1020,0.1343,0.57551,18,-2,2
19,motor,1091,1375,0.2095,0.83914,86,284,284
19,motor,1658,1436,0.26486,1.0866,155,-222,222
19,motor,2536,2009,0.43004,1.6446,31,-527,527
19,motor,3164,2385,0.56237,2.1318,160,-779,779
19,audiomotor,4092,2198,0.91019,3.5974,89,-1894,1894
19,audiomotor,1039,1243,0.15731,0.64945,34,204,204
19,audiomotor,2647,2321,0.431,2.0328,144,-326,326
19,audiomotor,3141,2908,0.52776,1.7831,136,-233,233
19,audiomotor,2132,2289,0.38227,1.5785,128,157,157
19,audiomotor,2528,2548,0.56314,2.3735,24,20,20
19,audiomotor,3064,2419,0.55492,1.8411,59,-645,645
19,audiomotor,3647,3108,0.65466,2.0589,143,-539,539
19,audiomotor,1727,1639,0.21656,0.9766,223,-88,88
19,audiomotor,2167,1870,0.30965,1.2961,163,-297,297
19,audiomotor,3648,2964,0.41666,2.2751,145,-684,684
19,audiomotor,4035,2731,0.53324,2.694,31,-1304,1304
19,audiomotor,1241,1129,0.19252,0.95142,237,-112,112
19,audiomotor,1610,1436,0.21762,0.92924,106,-174,174
19,auditory,2000,2001,0.00057264,0.90249,0,1,1
19,auditory,2500,2703,0.00061648,1.5864,0,203,203
19,auditory,3500,2969,0.00068565,4.6845,0,-531,531
19,auditory,4000,3257,0.00087322,0.79598,0,-743,743
19,auditory,2500,2179,0.00071252,2.7544,0,-321,321
19,auditory,3000,2157,0.00084849,1.9297,0,-843,843
19,auditory,1500,1759,0.00038115,1.2133,0,259,259
19,auditory,2000,1870,0.00028615,2.0567,0,-130,130
19,auditory,4000,3080,0.00073524,6.2925,0,-920,920
19,auditory,1000,1157,0.00023769,0.87549,0,157,157
19,auditory,3000,2669,0.0010565,5.6697,0,-331,331
19,auditory,3500,3332,0.00055537,6.1279,0,-168,168
19,auditory,1000,992,0.00018145,0.21485,0,-8,8
19,auditory,1500,1623,0.00028027,0.67645,0,123,123
19,audiomotor,1669,1274,0.27387,1.1268,164,-395,395
19,audiomotor,2113,1744,0.37025,1.1441,108,-369,369
19,audiomotor,2033,2206,0.34618,1.0989,29,173,173
19,audiomotor,2556,2156,0.38492,1.868,53,-400,400
19,audiomotor,4127,2782,0.51205,2.3643,124,-1345,1345
19,audiomotor,1061,1316,0.16221,0.80427,57,255,255
19,audiomotor,3170,2213,0.40181,1.8801,166,-957,957
19,audiomotor,3583,2339,0.54322,2.4521,78,-1244,1244
19,audiomotor,3565,2922,0.4627,2.1348,62,-643,643
19,audiomotor,4068,2872,0.50679,2.3979,63,-1196,1196
19,audiomotor,2521,2070,0.38037,1.5112,17,-451,451
19,audiomotor,3039,2506,0.33323,1.5641,36,-533,533
19,audiomotor,1048,1227,0.16634,0.57672,44,179,179
19,audiomotor,1672,1343,0.18003,0.66,168,-329,329
19,motor,3660,3008,0.4787,2.3056,156,-652,652
19,motor,4064,3052,0.45825,2.4456,61,-1012,1012
19,motor,2051,2592,0.37775,1.419,48,541,541
19,motor,2541,2150,0.37754,1.4015,36,-391,391
19,motor,1568,1655,0.22642,1.0614,64,87,87
19,motor,2134,1853,0.34994,1.2256,130,-281,281
19,motor,3069,2230,0.36914,1.8491,65,-839,839
19,motor,3530,2806,0.56229,2.0957,25,-724,724
19,motor,4214,3231,0.49047,2.6444,210,-983,983
19,motor,1033,1355,0.11158,0.5898,30,322,322
19,motor,2521,1862,0.40317,1.6366,17,-659,659
19,motor,3023,2524,0.37985,1.7247,18,-499,499
19,motor,1023,1287,0.12665,0.54152,20,264,264
19,motor,1529,1195,0.18248,0.99867,25,-334,334
20,auditory,2000,2881,0.00030054,2.7348,0,881,881
20,auditory,2500,3660,0.00027129,1.7564,0,1160,1160
20,auditory,1500,1713,0.00023987,1.2986,0,213,213
20,auditory,2000,2762,0.00044961,5.0169,0,762,762
20,auditory,3000,3702,0.00028943,1.8583,0,702,702
20,auditory,3500,4370,0.00064503,4.2022,0,870,870
20,auditory,2500,3270,0.00027045,3.0259,0,770,770
20,auditory,3000,3221,0.0012801,2.7825,0,221,221
20,auditory,4000,4560,0.00071846,10.46,0,560,560
20,auditory,1000,1225,0.00017574,1.7712,0,225,225
20,auditory,3500,3394,0.0011772,17.048,0,-106,106
20,auditory,4000,4167,0.00067056,8.6994,0,167,167
20,auditory,1000,1242,0.00020135,2.1426,0,242,242
20,auditory,1500,2237,0.00020534,1.6627,0,737,737
20,audiomotor,4077,3331,0.78414,1.9095,73,-746,746
20,audiomotor,1040,1797,0.14384,0.29691,36,757,757
20,audiomotor,2086,2414,0.44502,1.3568,82,328,328
20,audiomotor,2634,2618,0.50769,1.4021,130,-16,16
20,audiomotor,1605,1970,0.17955,0.9092,102,365,365
20,audiomotor,2103,2868,0.37914,1.1937,100,765,765
20,audiomotor,3067,4288,0.59943,1.2245,63,1221,1221
20,audiomotor,3581,4428,0.76347,2.1716,78,847,847
20,audiomotor,2581,3371,0.45674,1.1778,77,790,790
20,audiomotor,3114,5500,0.58474,1.3265,110,2386,2386
20,audiomotor,1064,2556,0.14209,0.42784,61,1492,1492
20,audiomotor,1525,1876,0.2147,0.51121,22,351,351
20,audiomotor,3619,4228,0.65717,1.6843,115,609,609
20,audiomotor,4055,4697,0.71468,1.9763,52,642,642
20,motor,3071,3270,0.6168,1.6604,68,199,199
20,motor,3634,4102,0.73647,1.4703,131,468,468
20,motor,3608,5197,0.74508,1.9071,104,1589,1589
20,motor,4147,4354,0.88077,3.1469,144,207,207
20,motor,1074,1600,0.36226,5.1529,70,526,526
20,motor,1544,2648,0.23587,0.35605,39,1104,1104
20,motor,2092,3002,0.36968,1.0538,89,910,910
20,motor,1618,3319,0.36871,2.8585,115,1701,1701
20,motor,2154,2510,0.34536,0.75493,149,356,356
20,motor,4096,5421,0.76698,1.3298,91,1325,1325
20,motor,1068,2077,0.17425,0.3198,64,1009,1009
20,motor,2563,3451,0.45901,0.98948,60,888,888
20,motor,3098,3395,0.37812,0.79416,93,297,297
20,audiomotor,1546,2487,0.20415,0.39787,42,941,941
20,audiomotor,2067,3367,0.33802,0.89219,62,1300,1300
20,audiomotor,2596,4477,0.56504,1.2607,92,1881,1881
20,audiomotor,3066,4055,0.58237,1.3981,63,989,989
20,audiomotor,3543,4823,0.71424,1.4887,39,1280,1280
20,audiomotor,4145,4908,0.77291,1.812,141,763,763
20,audiomotor,2157,3268,0.36525,0.93605,154,1111,1111
20,audiomotor,2573,3257,0.43088,0.82671,69,684,684
20,audiomotor,1176,1828,0.20775,0.58267,173,652,652
20,audiomotor,1562,2856,0.37799,0.89806,59,1294,1294
20,audiomotor,4102,6202,1.0451,2.4555,98,2100,2100
20,audiomotor,1045,1743,0.10814,0.33508,41,698,698
20,audiomotor,3026,4070,0.62182,3.1989,22,1044,1044
20,audiomotor,3545,5241,0.3376,0.68278,40,1696,1696
20,motor,1696,2589,0.5096,3.585,193,893,893
20,motor,3082,4158,0.63968,1.2853,78,1076,1076
20,motor,3615,4542,0.84098,1.8451,111,927,927
20,motor,4047,4574,0.48681,1.0593,44,527,527
20,motor,1192,1819,0.13697,0.24587,188,627,627
20,motor,2198,2931,0.33701,1.0141,194,733,733
20,motor,2578,3292,0.41478,0.98171,74,714,714
20,motor,3540,4260,0.61537,1.4187,37,720,720
20,motor,4078,4631,0.92501,2.2405,74,553,553
20,motor,1149,1808,0.1368,0.35889,146,659,659
20,motor,1681,2782,0.32825,0.77865,177,1101,1101
20,motor,2565,2827,0.42701,1.0319,61,262,262
20,motor,3066,4092,0.51346,1.1243,62,1026,1026
20,auditory,4000,5321,0.00056907,4.5004,0,1321,1321
20,auditory,1000,1556,0.0001896,1.4091,0,556,556
20,auditory,3000,3671,0.00051257,2.3895,0,671,671
20,auditory,3500,3758,0.00070284,5.9769,0,258,258
20,auditory,1500,2604,0.00035102,1.9199,0,1104,1104
20,auditory,2000,2854,0.00072799,2.7873,0,854,854
20,auditory,1000,1268,0.00011542,0.6861,0,268,268
20,auditory,1500,2262,0.00013028,1.2195,0,762,762
20,auditory,2500,2721,0.00078332,4.8186,0,221,221
20,auditory,3000,3377,0.00051175,3.6365,0,377,377
20,auditory,2000,2923,0.00030907,1.9856,0,923,923
20,auditory,2500,3142,0.0002458,3.1667,0,642,642
20,auditory,3500,3887,0.00068748,6.5331,0,387,387
20,auditory,4000,4357,0.00059132,7.2895,0,357,357
20,audiomotor,4035,4309,0.49433,0.9387,31,274,274
20,audiomotor,1066,2307,0.20638,0.44802,63,1241,1241
20,audiomotor,1206,1551,0.18784,0.30253,202,345,345
20,audiomotor,1554,3025,0.25817,0.45723,50,1471,1471
20,audiomotor,1586,3135,0.18365,0.36326,82,1549,1549
20,audiomotor,2095,3923,0.35509,0.66156,90,1828,1828
20,audiomotor,2585,4591,0.54477,1.0446,81,2006,2006
20,audiomotor,3098,4865,0.5967,1.2008,95,1767,1767
20,audiomotor,2083,3246,0.34534,0.80109,78,1163,1163
20,audiomotor,2576,3807,0.46032,0.99004,72,1231,1231
20,audiomotor,3582,4163,0.52455,1.0548,78,581,581
20,audiomotor,4090,4941,0.89379,1.6066,87,851,851
20,audiomotor,3187,4171,0.72397,1.6634,183,984,984
20,audiomotor,3668,4865,1.0469,2.7909,164,1197,1197
20,auditory,1000,1695,0.00031407,0.87746,0,695,695
20,auditory,1500,2049,0.00017975,1.3365,0,549,549
20,auditory,3500,5085,0.00036682,5.6257,0,1585,1585
20,auditory,4000,3858,0.000625,4.0651,0,-142,142
20,auditory,1500,2788,0.00012766,1.0367,0,1288,1288
20,auditory,2000,2320,0.00013356,1.6975,0,320,320
20,auditory,2500,3520,0.00040302,5.049,0,1020,1020
20,auditory,3000,4201,0.00061704,6.8653,0,1201,1201
20,auditory,2000,3221,0.00021403,3.2772,0,1221,1221
20,auditory,2500,4312,0.0003984,3.43,0,1812,1812
20,auditory,4000,5265,0.00040522,7.0389,0,1265,1265
20,auditory,1000,1737,0.00019052,3.8191,0,737,737
20,auditory,3000,3846,0.00031143,4.9221,0,846,846
20,auditory,3500,4566,0.00041042,8.0718,0,1066,1066
20,motor,1075,2646,0.18442,0.38797,70,1571,1571
20,motor,1683,2859,0.48605,1.2275,179,1176,1176
20,motor,2666,3471,0.60529,1.2348,161,805,805
20,motor,3130,4020,0.82681,1.6734,127,890,890
20,motor,2678,3140,0.62633,1.7232,175,462,462
20,motor,3164,4422,0.75925,1.9756,161,1258,1258
20,motor,3630,3088,0.7543,1.8316,125,-542,542
20,motor,4205,3965,1.0489,3.0869,200,-240,240
20,motor,4199,4302,1.4061,4.8893,194,103,103
20,motor,1185,1734,0.20082,0.30475,182,549,549
20,motor,1649,2113,0.37386,1.0498,146,464,464
20,motor,2178,3102,0.38021,1.1554,174,924,924
20,auditory,1500,2129,0.00021527,1.4391,0,629,629
20,auditory,2000,2413,0.00029475,2.2931,0,413,413
20,auditory,3500,3797,0.0004097,5.3146,0,297,297
20,auditory,4000,4583,0.0011185,3.4395,0,583,583
20,auditory,2000,1828,0.00038177,1.3029,0,-172,172
20,auditory,2500,2324,0.00027424,1.9058,0,-176,176
20,auditory,1000,1126,0.00017107,1.4181,0,126,126
20,auditory,1500,2183,0.00029572,1.6985,0,683,683
20,auditory,3000,4389,0.00045307,5.267,0,1389,1389
20,auditory,3500,4418,0.00039914,3.723,0,918,918
20,auditory,4000,4761,0.00035844,2.7586,0,761,761
20,auditory,1000,1712,9.16E-05,0.86307,0,712,712
20,auditory,2500,2553,0.00050592,2.8926,0,53,53
20,auditory,3000,2596,0.00051154,10.535,0,-404,404
20,audiomotor,3102,3316,0.61014,1.9122,98,214,214
20,audiomotor,3557,3262,0.72504,1.784,53,-295,295
20,audiomotor,1055,1471,0.1359,0.22528,50,416,416
20,audiomotor,1645,2482,0.24958,0.71292,141,837,837
20,audiomotor,3554,3007,0.66906,1.4238,51,-547,547
20,audiomotor,4021,3527,0.49025,1.092,17,-494,494
20,audiomotor,2543,2926,0.45885,3.2216,38,383,383
20,audiomotor,3055,3299,0.49507,1.018,50,244,244
20,audiomotor,1536,2357,0.26651,0.40785,31,821,821
20,audiomotor,2022,2546,0.30271,0.96988,19,524,524
20,audiomotor,2051,2856,0.34811,0.88814,46,805,805
20,audiomotor,2552,3010,0.28815,0.61072,47,458,458
20,audiomotor,4188,4995,0.687,1.5923,183,807,807
20,audiomotor,1009,1834,0.087789,0.18487,6,825,825
20,motor,3089,3384,0.5133,1.0672,85,295,295
20,motor,3637,3618,0.50365,0.96669,134,-19,19
20,motor,1075,2174,0.1816,0.34555,71,1099,1099
20,motor,1547,2176,0.18969,0.42396,43,629,629
20,motor,4061,4469,0.62211,1.3577,56,408,408
20,motor,1105,1527,0.19963,0.43222,101,422,422
20,motor,1542,1806,0.16424,0.38492,37,264,264
20,motor,2099,1892,0.19277,0.54558,94,-207,207
20,motor,2107,2025,0.21347,0.53276,103,-82,82
20,motor,2553,2960,0.35621,0.80722,49,407,407
20,motor,3568,3535,0.69082,1.374,64,-33,33
20,motor,4115,3753,0.77316,1.7842,111,-362,362
20,motor,2634,2515,0.64021,1.9026,130,-119,119
20,motor,3087,2802,0.3748,0.93208,84,-285,285
20,auditory,3500,3665,0.0012531,1.8974,0,165,165
20,auditory,4000,5659,0.00091129,3.3965,0,1659,1659
20,auditory,4000,4607,0.00051759,4.4994,0,607,607
20,auditory,1000,1630,0.00067795,1.6469,0,630,630
20,auditory,2000,2410,0.00059735,3.5576,0,410,410
20,auditory,2500,2826,0.00041421,3.6463,0,326,326
20,auditory,1500,2547,0.00021293,2.8532,0,1047,1047
20,auditory,2000,2678,0.00021224,2.9949,0,678,678
20,auditory,1000,1709,0.00013282,0.77534,0,709,709
20,auditory,1500,1736,0.00063853,5.6926,0,236,236
20,auditory,2500,2589,0.00041092,5.0116,0,89,89
20,auditory,3000,3836,0.00075239,8.2517,0,836,836
20,auditory,3000,4618,0.00057237,4.7718,0,1618,1618
20,auditory,3500,4191,0.0002651,3.8664,0,691,691
20,motor,1692,2323,0.29349,0.82193,188,631,631
20,motor,2129,3061,0.50241,1.6213,124,932,932
20,motor,1058,1381,0.15121,0.25406,54,323,323
20,motor,1582,2152,0.34164,0.82198,78,570,570
20,motor,3145,3162,0.64137,1.4518,140,17,17
20,motor,3194,2823,0.68916,1.6251,190,-371,371
20,motor,3558,3734,0.81677,1.6361,54,176,176
20,motor,2009,2489,0.26347,0.73992,6,480,480
20,motor,2588,3009,0.40745,1.1228,83,421,421
20,motor,4096,3321,0.61759,1.4661,93,-775,775
20,motor,1041,1667,0.20427,0.49036,36,626,626
20,motor,3587,3030,0.73617,2.1567,83,-557,557
20,motor,4132,3594,0.64046,1.7614,128,-538,538
20,audiomotor,3608,3956,0.69423,1.8651,103,348,348
20,audiomotor,4048,4948,0.70618,1.8331,44,900,900
20,audiomotor,1056,1275,0.13575,0.36995,52,219,219
20,audiomotor,1715,1597,0.18813,0.53357,210,-118,118
20,audiomotor,4168,3312,0.61831,1.3775,164,-856,856
20,audiomotor,1092,1610,0.18366,0.26648,88,518,518
20,audiomotor,3047,3446,0.46753,1.1374,43,399,399
20,audiomotor,3545,3810,0.44202,0.86226,41,265,265
20,audiomotor,2578,3735,0.36295,0.93102,75,1157,1157
20,audiomotor,3202,3739,0.57875,1.3539,197,537,537
20,audiomotor,2183,2774,0.30772,0.68869,179,591,591
20,audiomotor,2558,3051,0.41903,0.88299,53,493,493
20,audiomotor,1530,1257,0.14573,0.29726,25,-273,273
20,audiomotor,2063,2276,0.2751,0.69796,60,213,213
